**************************************
**创建导线的材料库，(1-编号，LGJ-300/40-导线的型号，7300e6-等效弹性模量（Pa）,0.3-泊松比
**3342-密度(kg/m3)，258E6-断裂应力（Pa）,19.6E-6-线膨胀系数（1/°C）)
********************************
*LineMaterial,5
1,LGJ-300/40       ,7300e6,   0.3  ,3342    ,258e6     ,19.6e-6
2,LGJ-400/50       ,6900e6,   0.3  ,3346    ,260e6     ,19.6e-6
3,JL1/G3A-1250/70  ,62200e6,  0.3  ,3033    ,223e6     ,21.1e-6
4,JL1/G2A-1250/100 ,65200e6,  0.3  ,3149    ,244e6     ,20.5e-6
5,JL/G3A-900/40,65200e6,  0.3  ,3149    ,244e6     ,20.5e-6
*GroundMaterial,5
1,GJ-80           ,181500e6  ,0.3  ,7960.0  ,1143e6    ,19.6E-6
2,OPGW            ,109000e6  ,0.3  ,4784.0  ,651e6     ,19.6E-6
3,JLB4-120        ,136000e6  ,0.3  ,4705.0  ,611e6     ,15.5E-6
4,JLB4-150        ,136000e6  ,0.3  ,4705.0  ,612e6     ,15.5E-6
5,JLB20A-150      ,147200e6  ,0.3  ,6682.0  ,1206e6    ,15.5E-6
**************************************************
**创建悬垂串和耐张串的材料库
**********************************************
*StringMaterial,4
1,String_O          ,200000e6  ,0.3    ,1910.8  ,254.8e6   ,15.5E-6
2,String_H          ,200000e6  ,0.3    ,1910.8  ,254.8e6   ,15.5E-6
3,String_V          ,200000e6  ,0.3    ,1910.8  ,254.8e6   ,15.5E-6
4,Spacer          ,200000e8  ,0.3    ,2000  ,254.8e6   ,15.5E-6
***************************************************************
**创建角钢的材料性质库和其他材料的材料性质
******************************************************************
*Material,3
**编号，名称，弹性模量，泊松比，质量密度，极限应力，热膨胀系数，没有时用0占位
1,Q345        ,200000e6    ,0.3     ,7800    ,345e6     ,20.0E-6
2,Q235        ,200000e6    ,0.3     ,7800    ,235e6     ,20.0E-6
3,Q420        ,200000e6    ,0.3     ,7800    ,420e6     ,20.0E-6