time	Node.1	Node.2	Node.3
0	16.939	12.6674	13.1824
0.500015	17.0978	11.5031	15.3616
1.00003	17.8453	10.0146	17.0643
1.50004	18.0365	10.3262	17.7549
2.00006	16.1396	11.4615	17.7446
2.50007	12.8695	12.7031	18.181
3.00009	12.1125	12.5834	16.6765
3.5001	12.0995	14.072	14.0461
4.00012	12.9883	14.9579	15.1931
4.50013	17.1214	14.8593	15.1504
5.00015	15.5889	14.8253	15.495
5.50016	12.7273	13.969	15.3184
6.00018	12.0346	15.2189	15.1599
6.50019	12.9682	13.5803	13.0834
7.00021	13.5872	13.9089	15.0845
7.50022	15.2716	13.2676	16.4728
8.00024	14.447	14.6537	16.0656
8.50025	13.4592	11.9509	14.5862
9.00027	14.3015	12.6882	15.4949
9.50028	15.0811	14.5001	14.8013
10.0003	15.6466	14.5872	13.3167
10.5003	16.0088	14.3089	11.6301
11.0003	15.7105	12.0481	9.75527
11.5003	13.4249	12.8735	9.73217
12.0004	12.8497	13.6873	11.2103
12.5004	10.4852	12.965	11.6198
13.0004	14.678	11.4751	12.0536
13.5004	14.618	14.45	13.4134
14.0004	15.3599	13.1221	14.7888
14.5004	15.9998	11.8319	14.8303
15.0004	13.8875	9.28029	14.9712
15.5005	14.0755	11.7819	14.4904
16.0005	14.4542	13.0969	13.4267
16.5005	14.1891	12.0165	13.3083
17.0005	15.3901	9.20973	13.9208
17.5005	13.6064	11.7032	11.2745
18.0005	17.2055	13.7272	11.4094
18.5005	15.864	14.5668	13.2298
19.0006	14.3861	15.169	14.0147
19.5006	14.0681	14.7089	15.1459
20.0006	16.6944	14.1641	14.3215
20.5006	16.3186	12.5011	12.705
21.0006	15.5375	12.2863	11.6043
21.5006	14.0823	13.5187	13.7188
22.0006	14.9861	15.092	14.5969
22.5007	14.5433	14.6801	13.8761
23.0007	14.5063	12.7312	16.9612
23.5007	15.9885	13.8954	17.2327
24.0007	15.9331	16.2556	15.1625
24.5007	16.2442	15.4278	14.723
25.0007	16.489	15.5538	15.9113
25.5008	17.2751	17.9785	16.0815
26.0008	14.2057	17.0995	15.7669
26.5008	12.8613	15.4205	15.6807
27.0008	13.1896	16.2982	17.2103
27.5008	12.8459	16.1843	15.3432
28.0008	11.7658	16.7226	15.1195
28.5008	13.011	18.2518	16.1185
29.0009	15.067	18.9515	13.6701
29.5009	14.546	20.1515	14.6731
30.0009	13.1729	19.7104	14.2283
30.5009	12.852	18.775	16.5783
31.0009	13.1025	19.184	16.2478
31.5009	12.6899	19.6655	15.3233
32.0009	14.8396	18.4787	14.7292
32.501	13.1563	18.887	13.4619
33.001	14.8268	20.9221	12.2125
33.501	14.5274	19.7637	12.7672
34.001	14.4636	17.2612	14.4895
34.501	15.4102	19.9674	12.3387
35.001	12.3581	19.6655	13.8672
35.501	10.0262	21.4624	11.9615
36.0011	9.82462	19.4143	10.7922
36.5011	11.8002	19.1565	10.6457
37.0011	13.0719	18.4973	11.9108
37.5011	11.2704	18.3198	11.3466
38.0011	9.71118	19.8882	13.3899
38.5011	10.2693	20.4571	12.5784
39.0012	11.1667	19.4364	13.4026
39.5012	11.2576	18.8543	13.367
40.0012	12.8124	19.8103	11.8292
40.5012	12.3819	17.8886	10.4945
41.0012	9.95883	16.6913	12.255
41.5012	10.1639	16.9672	11.7626
42.0012	9.63991	17.4138	9.19835
42.5013	9.04769	16.5828	9.93305
43.0013	10.6323	17.6147	10.3292
43.5013	11.9513	18.9851	10.768
44.0013	13.1082	18.5154	11.2989
44.5013	13.2348	15.0887	12.9919
45.0013	12.8202	16.2418	12.5188
45.5013	12.0733	16.2644	12.9529
46.0014	14.8862	14.2755	14.0834
46.5014	14.9904	15.6085	12.8348
47.0014	14.9826	16.6845	10.8133
47.5014	14.8665	17.5297	11.6646
48.0014	15.8085	20.7015	11.8691
48.5014	14.3908	18.5871	13.5319
49.0014	16.3406	17.8796	16.2698
49.5015	12.5075	16.5076	15.9372
50.0015	13.0415	15.5007	14.3858
50.5015	16.3924	13.8374	13.2728
51.0015	16.3698	12.8607	13.8829
51.5015	17.1222	12.4604	16.4182
52.0015	16.163	15.8675	15.9934
52.5015	16.56	14.4851	14.937
53.0016	16.4643	14.3716	13.9213
53.5016	15.5864	13.5231	16.168
54.0016	13.14	13.267	17.1219
54.5016	13.6726	13.9824	17.4089
55.0016	13.6709	13.9341	16.3849
55.5016	14.8416	15.2289	15.6287
56.0017	16.5697	14.3304	14.874
56.5017	18.1445	14.5737	17.0326
57.0017	17.7412	15.3384	16.6218
57.5017	16.3111	14.0803	15.0011
58.0017	14.2171	15.2642	15.1234
58.5017	12.3147	16.4305	13.9039
59.0017	12.1615	15.8362	14.7139
59.5018	13.4006	16.1094	12.708
60.0018	13.8121	15.1919	14.8646
60.5018	14.9047	14.2602	15.7537
61.0018	14.2056	14.2248	12.5579
61.5018	17.4166	15.909	11.3908
62.0018	14.8852	14.2567	12.7647
62.5018	14.7562	13.4854	13.943
63.0019	15.4488	13.6398	13.4425
63.5019	16.5306	13.057	12.5139
64.0019	16.3184	12.4987	12.9439
64.5019	17.2169	14.7187	13.0921
65.0019	16.8785	13.5393	12.413
65.5019	16.5561	12.6939	12.3052
66.0019	16.1146	12.3364	12.0699
66.502	14.311	12.1018	12.4378
67.002	14.3187	11.474	12.9058
67.502	15.2243	13.7357	11.9826
68.002	18.3192	15.1993	11.0097
68.502	18.6012	14.466	11.251
69.002	17.2769	12.0577	10.767
69.502	16.2538	12.02	13.3746
70.0021	17.1988	12.7689	12.4679
70.5021	15.7688	12.4267	13.1925
71.0021	15.2037	13.0763	15.1399
71.5021	17.7732	12.3939	16.3608
72.0021	17.7947	11.5419	15.7358
72.5021	15.916	9.51062	16.548
73.0022	17.0486	9.13431	16.5341
73.5022	16.4793	8.0093	15.0857
74.0022	17.0441	11.6811	14.2666
74.5022	17.7032	9.71139	16.0008
75.0022	15.9791	11.1432	14.3951
75.5022	15.7105	12.4011	13.802
76.0022	14.268	11.36	15.6047
76.5023	15.5294	10.0091	16.6511
77.0023	13.9792	10.4455	14.5034
77.5023	15.448	14.2883	13.6889
78.0023	11.4997	14.5551	13.2182
78.5023	12.4187	12.9148	16.6359
79.0023	13.7219	13.5871	14.9063
79.5023	14.1729	13.0556	15.7828
80.0024	15.0599	12.528	15.1099
80.5024	16.5921	13.2245	16.4049
81.0024	17.6983	13.169	16.2237
81.5024	18.9388	16.9614	16.6239
82.0024	18.0232	16.7282	16.8872
82.5024	17.6753	14.8743	15.4994
83.0024	17.9072	14.8423	13.979
83.5025	16.7607	13.6535	13.8842
84.0025	16.8515	12.1995	13.7707
84.5025	14.0105	9.84794	11.5447
85.0025	14.0097	10.2158	11.8075
85.5025	13.428	11.6647	13.2541
86.0025	13.406	13.7797	12.7186
86.5026	10.6789	14.0822	13.4671
87.0026	11.4252	15.5192	13.4714
87.5026	12.2686	14.218	15.4658
88.0026	13.6278	13.6724	13.1737
88.5026	11.4463	14.4188	13.6644
89.0026	11.8113	13.9703	16.1769
89.5026	11.4022	16.9384	15.6296
90.0027	11.0109	15.3521	12.8797
90.5027	11.1381	15.6542	14.5856
91.0027	8.93892	16.0175	14.6025
91.5027	10.0352	16.0887	15.8805
92.0027	9.35653	14.123	17.0534
92.5027	12.3345	15.2118	16.8179
93.0027	13.0889	16.972	15.9344
93.5028	15.4671	16.3221	16.2488
94.0028	15.4008	14.7674	14.962
94.5028	15.0498	14.5479	15.3364
95.0028	15.9617	12.3673	15.1657
95.5028	12.6561	12.6194	12.8915
96.0028	12.6006	11.958	11.6992
96.5028	14.6459	11.9516	11.6024
97.0029	13.9439	12.5038	12.6485
97.5029	14.6689	9.57427	12.7824
98.0029	15.0105	8.66751	14.6722
98.5029	17.6609	11.1755	14.6563
99.0029	17.595	12.0841	15.7375
99.5029	17.1631	12.5597	15.4579
100.003	15.0322	11.1658	14.8841
100.503	15.8394	9.70615	14.0191
101.003	16.8884	9.96177	12.1892
101.503	19.5898	9.88362	11.1545
102.003	19.8681	12.6583	12.3435
102.503	17.6463	11.2545	12.6183
103.003	16.6151	11.6332	14.8819
103.503	17.3377	13.2436	15.0952
104.003	18.6267	15.2766	15.5363
104.503	15.9673	15.6494	14.99
105.003	17.4406	14.0532	14.4824
105.503	18.3398	14.948	12.312
106.003	15.6626	16.2303	11.1125
106.503	14.1955	17.5446	12.8311
107.003	15.6751	18.509	12.8478
107.503	15.226	18.7432	13.339
108.003	17.3877	17.5377	15.2561
108.503	16.9956	18.3718	14.0148
109.003	18.5328	16.8545	13.1062
109.503	19.4863	14.5832	15.6162
110.003	17.072	15.0477	15.7394
110.503	15.2754	14.2483	16.1726
111.003	14.1619	14.9306	14.1679
111.503	12.0664	17.1323	14.3706
112.003	13.8193	17.4047	16.3393
112.503	15.8833	19.3809	16.6785
113.003	16.9618	18.5631	17.8166
113.503	17.0686	19.3581	18.4578
114.003	15.4092	16.8774	19.1461
114.503	16.5388	16.6031	19.4518
115.003	16.3666	16.6537	20.4221
115.503	14.1379	15.71	20.9478
116.003	14.3793	17.2971	17.5586
116.503	14.1004	17.6838	18.1859
117.003	15.0648	15.8616	19.3811
117.503	15.6352	17.081	18.5375
118.003	16.8521	15.5103	15.9542
118.503	16.2134	17.9042	14.3145
119.004	15.9934	19.379	16.7935
119.504	13.1805	19.048	16.7276
120.004	14.5879	18.0022	18.327
120.504	14.1139	15.5928	16.0825
121.004	14.1286	13.6659	14.7221
121.504	14.6084	14.7819	14.8035
122.004	14.5407	15.4947	15.2437
122.504	14.545	17.12	15.0722
123.004	13.459	17.0109	14.9606
123.504	11.8139	18.96	16.1777
124.004	12.1608	15.8929	14.1799
124.504	13.7364	15.1791	13.5838
125.004	12.6754	15.3169	15.3761
125.504	14.3313	15.9454	16.4414
126.004	16.3588	14.5901	15.9102
126.504	16.5434	14.5725	17.1817
127.004	17.4324	14.8382	15.6591
127.504	17.1408	15.0339	15.6777
128.004	15.5749	15.3834	14.6415
128.504	15.1689	16.3785	14.3333
129.004	13.1366	15.5578	15.8146
129.504	13.9251	15.1238	16.3261
130.004	13.3877	14.6046	15.6566
130.504	14.0997	13.1653	15.6662
131.004	13.8921	14.993	15.4484
131.504	14.0289	14.5286	14.7833
132.004	15.7069	12.892	16.2527
132.504	15.3804	13.6637	16.0647
133.004	13.682	13.4828	14.4894
133.504	13.0988	14.3528	15.641
134.004	14.9728	13.362	15.897
134.504	15.5238	13.7115	16.2454
135.004	14.515	13.41	15.0667
135.504	14.514	13.0715	16.8516
136.004	14.2739	13.0069	19.9569
136.504	15.3847	13.5695	18.4025
137.004	17.4562	13.3273	15.789
137.504	18.4134	12.4811	14.0765
138.004	17.7557	12.7793	11.4159
138.504	17.4004	15.0293	12.1768
139.004	15.5705	14.6078	12.0147
139.504	14.2215	12.9253	12.2174
140.004	14.9222	11.9036	14.3442
140.504	15.4762	12.248	15.1007
141.004	15.3607	12.9252	14.4938
141.504	15.4974	11.7479	15.5941
142.004	14.5844	13.0959	15.5528
142.504	13.9641	15.9909	15.1138
143.004	16.6851	15.8718	16.0708
143.504	17.5212	14.4122	13.5612
144.004	15.3371	13.4013	12.8098
144.504	16.0331	15.4277	13.7462
145.004	17.2699	14.6829	13.8908
145.504	16.4802	16.2652	14.3586
146.004	16.1132	14.5851	14.926
146.504	14.8911	14.6873	15.0383
147.004	14.5142	13.7153	15.4314
147.504	15.5983	13.4823	15.6427
148.004	16.6071	10.9269	14.8107
148.504	16.9404	12.4953	13.9793
149.004	16.8989	13.272	15.8572
149.504	15.9839	13.3716	14.9367
150.004	14.6385	15.0694	13.2874
150.504	14.1708	14.6994	13.1211
151.004	13.9376	13.571	11.5364
151.504	13.9141	14.7611	10.3319
152.004	12.922	13.6597	12.088
152.504	12.6916	13.985	12.4046
153.005	11.7235	16.9949	9.80298
153.505	9.71419	14.8988	10.6329
154.005	10.3257	12.9971	9.54834
154.505	10.8035	13.905	8.88935
155.005	13.4727	13.5045	12.7653
155.505	13.6525	15.696	12.2028
156.005	14.1245	15.789	13.7056
156.505	12.4146	16.061	12.1318
157.005	10.1733	15.7684	9.58832
157.505	7.48459	15.8038	9.75024
158.005	10.0452	16.6189	10.7847
158.505	10.5409	13.2752	14.5127
159.005	11.6586	13.2361	14.4914
159.505	12.5119	13.0619	16.8796
160.005	10.6056	16.0203	17.816
160.505	10.8375	15.1984	16.8266
161.005	10.3885	13.7694	16.5589
161.505	10.8735	13.2591	17.1744
162.005	12.0675	13.6905	16.6545
162.505	13.8042	15.1407	16.6106
163.005	14.9987	15.73	18.4026
163.505	15.1623	14.5242	18.7499
164.005	15.4074	15.4358	16.6059
164.505	14.0726	15.2676	16.4341
165.005	12.3357	14.9866	17.9701
165.505	13.5449	17.7704	13.8763
166.005	13.3173	17.6162	9.40342
166.505	10.987	15.3773	8.56213
167.005	11.4101	15.9522	9.45495
167.505	11.7795	16.6805	9.94936
168.005	10.735	15.1611	11.8748
168.505	10.4317	15.3837	10.7117
169.005	11.9732	14.5252	11.2773
169.505	13.9492	15.2938	8.37603
170.005	13.7293	15.91	8.80343
170.505	12.0875	15.6016	12.5697
171.005	13.5136	16.5499	13.0461
171.505	14.7101	13.913	14.1585
172.005	15.0248	13.8149	15.1006
172.505	15.1272	16.0994	17.2592
173.005	13.768	13.7726	18.445
173.505	13.9735	13.6978	15.595
174.005	15.3914	13.9302	16.5339
174.505	15.4062	14.8586	16.1116
175.005	17.0291	16.579	16.5287
175.505	18.0471	17.0716	16.7474
176.005	17.7534	16.8503	17.7773
176.505	16.5185	17.9204	18.7141
177.005	16.0173	17.4604	20.9796
177.505	16.8293	18.3648	19.9855
178.005	17.6999	18.3931	19.8617
178.505	17.4509	16.9528	18.865
179.005	15.7467	17.2392	22.2889
179.505	17.0599	16.4174	20.3652
180.005	16.3511	15.1692	17.4266
180.505	15.4282	16.8699	17.9098
181.005	15.4357	14.9578	16.4362
181.505	15.9989	15.5	17.4326
182.005	17.902	16.1219	17.7606
182.505	19.2701	16.7948	16.7165
183.005	15.1182	16.6231	16.7618
183.505	14.2927	16.9733	15.7983
184.005	16.7492	15.5602	17.4268
184.505	18.237	13.9809	17.8894
185.005	17.9751	14.1377	17.3728
185.505	16.9896	17.2703	14.7518
186.005	15.3357	17.3378	14.5516
186.506	15.721	17.7271	14.6593
187.006	15.3484	15.8081	14.6925
187.506	17.0948	14.5915	12.8398
188.006	18.3505	14.4395	12.8669
188.506	19.1126	13.7076	12.1886
189.006	19.7779	16.5243	12.1108
189.506	19.1469	16.7033	11.5185
190.006	16.7156	16.9117	11.7087
190.506	14.1459	17.4887	12.8764
191.006	14.3584	16.9315	11.334
191.506	15.0933	17.6022	12.4267
192.006	13.0134	17.5764	14.7972
192.506	13.7159	15.4554	13.9849
193.006	14.0888	14.5742	10.2377
193.506	17.4008	14.0949	9.4802
194.006	14.6732	16.5111	7.89435
194.506	13.9033	17.4354	10.106
195.006	15.001	15.2353	11.4394
195.506	13.8419	14.6453	13.6775
196.006	12.253	14.6374	18.1554
196.506	17.5623	13.0486	17.0934
197.006	14.7637	11.0951	16.6695
197.506	13.2921	11.1518	17.1074
198.006	13.2399	11.995	16.1029
198.506	11.942	9.67723	15.4848
199.006	12.1295	12.6405	16.1851
199.506	11.6411	10.8907	14.8348
200.006	12.8936	12.2869	13.6311
200.506	14.0427	14.0724	11.0157
201.006	12.8669	12.3873	11.1348
201.506	11.6	12.6196	9.39134
202.006	10.6429	13.3978	7.47533
202.506	14.1576	13.4526	5.66416
203.006	14.0128	13.8037	8.55839
203.506	12.6915	13.1889	10.5234
204.006	13.7298	13.8479	12.0731
204.506	14.4033	14.3973	13.9822
205.006	12.8416	14.9586	15.5256
205.506	15.5709	16.2866	14.7611
206.006	17.4098	18.5585	16.4903
206.506	18.7196	17.6087	16.8342
207.006	16.5596	17.8326	14.8941
207.506	14.9521	20.2249	15.5543
208.006	12.7135	18.8273	17.3746
208.506	12.6439	17.4968	16.1424
209.006	14.4899	17.4936	17.2086
209.506	15.9358	17.1686	16.7705
210.006	12.9853	17.3033	17.0982
210.506	13.0612	19.3625	17.3806
211.006	12.0677	18.3864	15.8689
211.506	11.6316	19.2805	14.296
212.006	13.1587	19.0992	15.0752
212.506	11.5686	15.4093	14.6539
213.006	12.1855	15.7978	14.6474
213.506	12.4472	16.9621	16.1881
214.006	12.5906	15.5871	13.3726
214.506	12.0989	14.9172	13.7713
215.006	12.3196	15.6052	12.3991
215.506	13.9399	14.8613	13.3602
216.006	13.7924	15.373	14.3028
216.506	14.7704	13.7636	13.2612
217.006	17.3212	14.2131	13.6781
217.506	18.4854	13.8218	14.4506
218.006	16.7238	12.2029	17.5794
218.506	15.666	14.3178	18.6493
219.006	15.1327	15.3076	19.4963
219.506	15.2873	16.6246	19.2822
220.006	14.4202	16.0574	20.9572
220.507	16.3637	17.3806	18.5239
221.007	19.969	15.7003	18.8961
221.507	19.8285	15.7561	17.4113
222.007	19.6543	16.4678	14.8694
222.507	18.4429	17.2462	15.4327
223.007	19.3739	15.8817	14.5541
223.507	18.4085	17.0342	13.122
224.007	20.9877	16.3857	12.7867
224.507	18.5024	16.8852	15.2628
225.007	17.7666	15.3184	14.6631
225.507	18.1288	14.3634	13.4888
226.007	16.9065	15.1527	13.5771
226.507	16.7247	15.0536	13.9754
227.007	16.5164	16.1109	13.1558
227.507	14.7592	16.8741	12.3653
228.007	12.4415	16.6093	13.1836
228.507	14.8911	16.1901	11.8948
229.007	14.549	14.995	11.3949
229.507	13.589	16.8446	11.2477
230.007	12.5537	17.5774	12.9165
230.507	15.0693	17.1646	10.1209
231.007	15.9896	16.5749	10.4999
231.507	15.9599	16.3069	10.5494
232.007	15.2387	17.4518	10.7521
232.507	16.4794	20.1842	12.2295
233.007	17.02	18.7849	11.276
233.507	14.656	18.0681	11.317
234.007	16.0075	18.6646	11.8541
234.507	13.2471	18.2277	12.4547
235.007	12.6942	20.1904	11.331
235.507	15.393	19.1992	10.1774
236.007	14.296	19.6683	11.4627
236.507	14.8789	18.4149	12.3111
237.007	15.831	16.6394	12.8215
237.507	17.8252	17.2374	11.2251
238.007	15.3366	18.6184	12.0577
238.507	14.7848	18.4255	11.4588
239.007	13.4638	17.2287	10.8709
239.507	12.2636	18.218	8.46858
240.007	11.4629	18.6478	9.53127
240.507	12.0801	20.0527	10.3651
241.007	9.95631	16.4555	9.57651
241.507	9.03714	17.8744	10.7169
242.007	10.8425	18.2173	12.8723
242.507	10.3967	20.2856	13.2957
243.007	10.6846	20.3798	13.238
243.507	10.9595	21.0435	12.902
244.007	9.50658	19.608	16.2274
244.507	10.3861	19.0653	14.6353
245.007	10.5846	17.3212	15.1575
245.507	11.0795	16.4238	15.493
246.007	14.677	16.8815	16.3638
246.507	13.0721	18.8612	15.4866
247.007	13.9506	19.1607	15.3066
247.507	14.5585	19.0899	15.5815
248.007	14.7022	18.9835	14.2302
248.507	16.7516	19.1336	14.4939
249.007	15.8019	15.7651	15.9603
249.507	15.6272	17.4274	14.8005
250.007	16.3118	17.0599	15.2237
250.507	16.124	17.5799	14.5916
251.007	15.9539	18.1124	12.5198
251.507	13.3637	16.7459	14.2333
252.007	13.5703	20.2521	16.1721
252.507	14.0598	17.1062	14.2163
253.007	14.399	14.7501	13.5772
253.507	13.1727	16.3491	11.9872
254.007	12.202	14.9719	11.2699
254.508	11.0002	14.0863	11.7345
255.008	11.8202	13.7818	14.3707
255.508	10.4169	15.3917	12.4769
256.008	13.0059	16.6279	7.93471
256.508	15.32	17.1864	7.85715
257.008	13.0979	16.7936	10.3774
257.508	12.6378	16.7185	10.8157
258.008	13.7412	17.509	10.8867
258.508	12.3173	16.3693	13.394
259.008	11.7505	16.7157	12.9927
259.508	13.5185	16.042	13.6371
260.008	13.6822	16.3009	15.3567
260.508	16.344	17.6117	16.4965
261.008	15.2082	18.1324	15.1269
261.508	14.1122	15.5949	15.4227
262.008	10.0981	17.2146	14.0552
262.508	10.2111	16.484	10.6229
263.008	12.6607	16.9995	11.6668
263.508	13.8533	17.2362	12.0464
264.008	13.1938	19.213	13.1596
264.508	14.1633	18.4571	14.8232
265.008	12.9439	16.8048	13.5436
265.508	13.7402	17.5272	12.4493
266.008	14.2949	17.7768	11.8584
266.508	15.8111	14.7325	11.4785
267.008	17.2959	16.6265	13.5653
267.508	15.7559	17.1211	14.4579
268.008	16.4396	17.3413	15.4253
268.508	18.2705	15.1008	15.5221
269.008	17.6436	15.1726	15.5602
269.508	17.558	14.4515	13.0241
270.008	16.4623	15.3425	14.6165
270.508	16.6854	13.9488	15.1077
271.008	15.9454	14.2599	13.3617
271.508	16.2538	14.9085	12.7689
272.008	17.2405	14.2871	12.7425
272.508	19.0888	14.4475	13.1579
273.008	19.6653	13.4652	14.3743
273.508	18.2871	16.61	13.79
274.008	18.5237	16.2777	14.6665
274.508	16.7249	16.2342	13.4368
275.008	15.9728	17.2386	14.7654
275.508	13.624	17.3104	17.0049
276.008	14.0344	18.2381	16.0377
276.508	13.0599	17.5784	14.201
277.008	11.8853	17.739	14.4379
277.508	13.4439	16.5811	13.3878
278.008	13.6593	16.5761	15.2009
278.508	12.4883	15.0302	15.7265
279.008	11.6691	14.8552	13.7973
279.508	10.4586	14.9515	11.7188
280.008	11.909	14.2814	12.7546
280.508	10.1543	13.9939	11.4104
281.008	10.7016	16.8347	10.1648
281.508	9.63904	18.1803	12.4026
282.008	9.89296	18.0708	11.8337
282.508	10.247	18.8081	11.8374
283.008	11.727	16.8496	12.523
283.508	12.1354	15.9837	10.6651
284.008	13.9557	14.3025	11.8322
284.508	15.3289	11.8688	13.3773
285.008	12.7922	12.7175	13.3591
285.508	13.7807	14.0395	13.355
286.008	14.4377	12.1546	14.3045
286.508	16.8224	14.5142	13.3501
287.008	16.4321	13.5146	14.321
287.508	15.1098	11.6531	14.6257
288.008	13.4462	13.3732	14.1964
288.509	14.0262	12.339	17.1575
289.009	12.7473	14.8784	19.5804
289.509	13.0451	15.2737	16.6589
290.009	15.7369	14.6426	15.0173
290.509	14.5491	15.6994	15.1964
291.009	14.6231	17.4296	15.1659
291.509	15.078	16.1085	14.4409
292.009	13.657	17.3558	15.0362
292.509	14.5876	17.9211	15.2376
293.009	14.9249	18.3652	14.2593
293.509	14.7317	17.5137	15.5868
294.009	17.5111	16.9288	15.9902
294.509	19.6268	17.0022	15.3661
295.009	16.0337	18.6341	15.2095
295.509	14.652	18.4411	13.7835
296.009	14.1068	18.6335	15.5426
296.509	14.8452	15.799	15.699
297.009	15.1628	13.4342	15.7601
297.509	14.1909	12.7628	15.2332
298.009	17.1211	14.6744	14.8716
298.509	14.6587	14.2258	17.4603
299.009	14.474	15.9532	19.8039
299.509	13.9305	15.5045	19.5478
300.009	14.5768	16.2688	18.8057
300.509	15.2161	17.6649	16.4475
301.009	13.7071	14.7977	15.1245
301.509	12.6258	16.6818	14.7722
302.009	14.0088	15.3629	13.5818
302.509	12.1337	15.0247	13.0414
303.009	10.4838	15.0814	13.0903
303.509	10.9166	13.6965	13.5118
304.009	12.3479	13.0232	13.6133
304.509	12.5082	14.7844	15.6941
305.009	11.974	12.5283	13.3268
305.509	11.3693	11.248	12.0016
306.009	11.216	12.7823	13.3631
306.509	9.7343	13.6257	15.7866
307.009	10.4201	14.9615	16.1086
307.509	11.4247	14.5658	16.6779
308.009	15.0405	14.2668	17.9742
308.509	14.4144	16.0698	16.7025
309.009	12.6821	13.255	13.6706
309.509	13.6339	11.1349	12.8358
310.009	13.1894	11.6633	12.1375
310.509	13.7301	10.9036	13.0976
311.009	11.9177	11.9196	13.1888
311.509	14.6416	10.517	12.8474
312.009	15.8311	10.0754	13.9041
312.509	15.0932	11.0769	14.6543
313.009	14.6379	13.2527	13.8856
313.509	15.6267	13.419	13.4932
314.009	13.2339	13.3339	14.1185
314.509	13.6696	14.9874	14.8502
315.009	13.9767	14.9767	16.7447
315.509	11.8287	12.4038	16.2103
316.009	11.0041	11.6681	14.1041
316.509	12.7399	14.4169	16.0862
317.009	14.6652	13.3839	16.3958
317.509	13.3138	14.9332	16.3539
318.009	12.4069	13.8436	15.1358
318.509	14.0605	13.3768	14.4723
319.009	12.5013	13.7253	15.143
319.509	14.7525	16.1123	13.7091
320.009	15.9481	16.7885	13.6104
320.509	15.7542	14.8093	14.7154
321.009	14.218	12.3986	13.8063
321.509	13.255	10.0449	13.6822
322.009	13.2865	10.6318	14.9084
322.51	12.9372	10.8979	15.0499
323.01	14.4553	10.7862	12.9837
323.51	13.8459	11.7921	12.6469
324.01	14.8231	13.847	12.0392
324.51	16.0361	13.8562	12.7691
325.01	17.2459	15.2669	11.6418
325.51	17.5989	13.2268	9.2599
326.01	17.3682	13.1161	10.2886
326.51	18.3475	12.8979	10.0573
327.01	15.1552	12.9805	11.0983
327.51	15.3	13.2123	12.0761
328.01	14.9178	13.5517	11.2379
328.51	15.5989	13.8963	10.4366
329.01	17.0386	14.3716	10.948
329.51	17.915	14.9439	10.9714
330.01	17.0713	16.9941	12.2672
330.51	15.3714	17.7628	11.228
331.01	16.8387	16.0609	10.7106
331.51	13.7248	14.9408	12.0843
332.01	11.8193	14.7941	9.77113
332.51	13.7344	15.2479	9.47324
333.01	12.7986	17.7893	8.19248
333.51	13.7394	17.6194	9.36647
334.01	15.5729	17.5717	10.2569
334.51	15.2945	17.5895	9.27379
335.01	14.667	16.2857	9.00797
335.51	14.6429	15.9368	7.06179
336.01	15.9126	14.2328	8.09878
336.51	15.8786	14.3731	9.67258
337.01	14.1896	14.6581	9.12698
337.51	13.2231	15.6879	9.15513
338.01	12.4081	12.7508	9.62379
338.51	14.6457	12.0349	8.60449
339.01	15.7933	12.5062	7.82001
339.51	17.9803	11.0125	8.45054
340.01	16.1402	10.9586	11.4337
340.51	14.587	10.5673	11.517
341.01	14.8219	11.3178	11.0776
341.51	16.1586	12.6105	10.633
342.01	16.1772	13.4646	11.0073
342.51	16.1291	10.7115	10.719
343.01	14.6129	9.8575	11.2513
343.51	16.5429	12.4748	12.2286
344.01	16.3066	11.3436	15.0459
344.51	15.861	13.7144	12.7203
345.01	18.1544	13.8914	12.2868
345.51	16.5314	13.3192	12.3783
346.01	14.734	13.1852	14.6554
346.51	16.1669	12.5831	16.3
347.01	16.026	13.3358	15.6423
347.51	15.1056	13.6254	12.6501
348.01	13.8855	12.9119	13.9522
348.51	15.5644	13.1472	15.2292
349.01	16.9655	14.5824	13.4999
349.51	16.3629	14.0378	12.8026
350.01	15.0325	14.8168	14.6593
350.51	14.8265	15.2012	15.7674
351.01	16.6161	14.9547	16.1385
351.51	16.8915	15.0992	15.3493
352.01	17.4647	16.8056	14.2751
352.51	19.2017	15.515	15.9243
353.01	18.1671	15.4346	16.1377
353.51	16.9913	12.5591	14.8282
354.01	17.4998	12.6433	15.4607
354.51	15.8661	13.9239	15.2935
355.01	15.2597	14.6107	16.7068
355.51	15.2807	14.9425	17.923
356.01	13.736	13.2952	16.4603
356.511	14.369	14.3742	16.4162
357.011	14.069	16.2649	18.8951
357.511	14.7095	14.7232	17.4896
358.011	12.459	14.6391	16.3933
358.511	13.3988	16.105	15.4207
359.011	13.1866	15.5724	16.0907
359.511	14.5805	15.2713	15.5993
360.011	13.2325	15.5983	16.3512
360.511	13.3846	16.6912	11.8643
361.011	15.1763	18.2822	14.1966
361.511	18.4134	17.4845	13.2991
362.011	18.214	18.5286	13.6887
362.511	15.9161	17.0891	13.0089
363.011	17.318	18.5447	11.3429
363.511	16.6116	16.2839	13.2053
364.011	16.6689	16.2448	13.273
364.511	15.8418	17.6544	13.521
365.011	14.9283	16.5762	15.9255
365.511	14.4309	17.465	14.0624
366.011	13.2189	17.8994	10.1711
366.511	13.8333	18.4336	11.0755
367.011	13.3968	18.2478	9.75665
367.511	14.2597	15.4396	9.91777
368.011	13.516	13.4123	11.9385
368.511	14.8049	10.9078	10.3899
369.011	15.964	13.7451	11.5019
369.511	15.4536	14.073	12.7161
370.011	15.9037	15.7049	11.901
370.511	15.1631	16.6163	11.5742
371.011	17.3027	15.0407	11.4554
371.511	16.4651	15.7296	13.7116
372.011	15.7121	16.6227	12.1805
372.511	17.2391	17.3894	13.9954
373.011	16.6575	16.7786	13.8454
373.511	16.4818	15.3598	13.3213
374.011	17.6263	15.4112	13.0721
374.511	18.4942	14.0846	10.6805
375.011	16.4162	14.965	12.0483
375.511	15.7016	13.7286	13.6244
376.011	17.9342	12.9758	12.7403
376.511	18.1865	14.2206	11.8371
377.011	19.0432	14.7017	11.4386
377.511	17.447	13.7253	13.9091
378.011	15.5123	13.5624	13.3735
378.511	15.1805	14.8986	11.9355
379.011	14.2182	14.6306	12.0517
379.511	17.3812	15.8254	11.5906
380.011	18.7005	15.2131	13.6397
380.511	17.2805	16.1427	12.1439
381.011	17.6901	14.4535	10.9911
381.511	16.0219	17.2284	10.9718
382.011	16.3904	17.7463	12.091
382.511	15.7756	14.8695	13.127
383.011	18.9787	14.1126	15.8759
383.511	18.5519	14.3891	16.7977
384.011	14.5656	15.8654	14.8715
384.511	14.5144	17.8811	13.9725
385.011	14.4283	15.3611	14.3707
385.511	13.4916	17.4075	14.1279
386.011	16.2328	16.6592	15.6547
386.511	14.3965	17.486	15.792
387.011	15.3984	20.3544	12.8502
387.511	14.995	18.9385	13.5202
388.011	15.0259	17.5154	13.365
388.511	17.8509	15.5267	11.9676
389.011	17.3808	14.5185	12.5695
389.511	17.4792	16.6859	13.9534
390.012	20.2307	16.1014	13.0427
390.512	17.9518	14.9705	14.9523
391.012	19.1391	13.9326	16.0392
391.512	17.3079	15.2839	15.2351
392.012	16.4985	13.279	15.2534
392.512	13.8112	12.8753	15.3089
393.012	16.149	12.2864	15.8832
393.512	19.5878	12.0071	15.7331
394.012	19.3229	11.5797	14.2169
394.512	17.5098	12.6976	13.8705
395.012	20.4166	13.8909	13.8482
395.512	18.2372	14.6771	15.1206
396.012	18.6921	14.0206	15.4621
396.512	16.5752	12.9623	16.1343
397.012	15.8731	14.0276	15.797
397.512	15.2033	14.6031	15.5242
398.012	16.9641	14.0488	14.8136
398.512	16.2318	14.1266	13.3602
399.012	16.1324	12.5313	14.3263
399.512	14.3235	13.8675	13.4626
400.012	15.6496	15.4881	13.9438
400.512	16.5382	16.4706	14.3199
401.012	14.689	15.5904	14.6002
401.512	14.5255	13.4819	13.2665
402.012	12.9731	14.9968	13.2035
402.512	11.8491	15.5271	14.8055
403.012	11.1538	17.2216	15.3644
403.512	12.2647	18.2022	12.4768
404.012	13.7431	18.9285	12.5551
404.512	13.8022	20.0903	14.2125
405.012	15.4668	19.4273	16.6438
405.512	13.3502	17.8648	16.611
406.012	12.2631	17.1381	16.5021
406.512	17.2563	15.2225	15.3022
407.012	16.8083	16.0155	16.3862
407.512	15.0133	13.0857	14.5477
408.012	13.4958	14.856	14.2599
408.512	16.1874	16.6252	15.8135
409.012	13.9255	17.3921	13.3579
409.512	13.0424	16.434	14.5439
410.012	14.399	16.5798	14.795
410.512	13.7466	15.5219	15.8337
411.012	14.9547	15.4634	15.8027
411.512	16.2647	16.1314	16.9829
412.012	17.287	15.9792	16.8287
412.512	17.267	16.6159	17.9883
413.012	17.8865	15.3031	17.8599
413.512	17.1768	19.0501	18.4715
414.012	16.044	19.0491	17.5668
414.512	16.1867	19.0255	17.0471
415.012	16.1303	16.808	18.3599
415.512	17.9938	17.3057	18.9077
416.012	17.3213	16.9692	19.1424
416.512	16.6731	16.4221	18.2818
417.012	17.5216	14.9962	19.59
417.512	18.2267	14.334	17.8177
418.012	18.5537	13.1013	20.6756
418.512	17.8231	14.4803	20.6483
419.012	15.953	14.6176	18.6614
419.512	14.4274	16.8588	20.1183
420.012	14.9192	15.701	18.4966
420.512	14.2854	16.8061	17.5401
421.012	14.8821	15.7425	15.7925
421.512	13.4326	15.9532	16.4375
422.012	14.1669	14.0766	14.2071
422.512	13.6239	13.915	12.5546
423.012	13.7776	12.2237	11.0275
423.512	12.5833	11.9972	10.9893
424.013	11.3515	13.2115	12.9974
424.513	10.9787	14.3815	18.242
425.013	11.0349	16.439	19.1473
425.513	10.3863	15.6104	19.0443
426.013	9.12911	15.0711	18.9505
426.513	12.5295	15.7743	20.5372
427.013	14.8193	16.1386	19.1991
427.513	14.7406	17.148	17.4281
428.013	13.2028	16.4869	16.3681
428.513	12.4344	15.4288	17.6568
429.013	12.8615	14.9452	18.2001
429.513	13.7396	14.575	17.4369
430.013	12.3919	16.5873	15.0938
430.513	12.5531	16.6641	16.3021
431.013	12.4634	15.6415	15.8675
431.513	12.6031	13.5008	16.1011
432.013	11.6698	15.2494	15.4707
432.513	11.8198	15.8845	14.9444
433.013	12.6833	16.4404	13.3491
433.513	12.8902	17.3832	13.0697
434.013	11.8152	16.2415	14.5578
434.513	12.7526	17.1322	15.4565
435.013	13.7592	17.7119	15.1205
435.513	13.6974	16.6608	17.8563
436.013	13.9629	16.4014	19.0793
436.513	14.3014	16.203	12.9769
437.013	17.0768	17.2672	13.4402
437.513	16.93	15.5437	13.8135
438.013	17.427	16.7879	15.0529
438.513	17.6556	19.7247	15.6824
439.013	18.8661	17.1119	13.637
439.513	21.0868	17.0413	12.853
440.013	19.606	14.6822	12.3151
440.513	18.7092	16.4074	11.943
441.013	18.9763	15.097	12.8251
441.513	19.8541	13.892	12.0426
442.013	18.1545	13.2747	13.6448
442.513	15.7698	15.4442	15.0487
443.013	14.3448	15.389	13.7381
443.513	14.8255	16.1904	14.1621
444.013	15.8945	15.6269	15.3226
444.513	17.0751	12.9183	16.0134
445.013	17.003	13.1684	15.0079
445.513	15.8471	13.6433	15.3708
446.013	16.7237	11.17	15.0782
446.513	16.0886	14.6583	13.9236
447.013	14.0623	13.0434	15.5523
447.513	14.4067	13.2869	15.7449
448.013	12.9181	14.5846	16.4633
448.513	11.876	14.3704	15.6964
449.013	12.7112	16.2969	12.7559
449.513	14.0167	16.0599	13.7649
450.013	16.0905	14.5811	13.1283
450.513	16.4292	13.9507	16.6754
451.013	17.5293	14.9887	18.5915
451.513	16.7548	13.2976	16.8179
452.013	17.863	13.641	17.1486
452.513	17.4644	12.1257	18.4146
453.013	16.6877	13.3264	19.7409
453.513	17.1929	11.4093	17.8525
454.013	15.544	9.86896	18.4625
454.513	13.8047	13.234	19.8007
455.013	12.2814	13.2027	21.3064
455.513	10.8615	11.9986	19.8283
456.013	12.6372	13.0123	17.0113
456.513	12.9685	10.5258	18.0575
457.013	12.2902	11.5417	19.0048
457.513	10.3359	12.4936	18.5169
458.014	10.0659	12.4477	17.7215
458.514	11.776	13.3055	16.793
459.014	12.9884	12.8256	18.2908
459.514	11.905	14.8264	17.1617
460.014	13.5096	13.9471	18.5893
460.514	14.7015	12.3783	18.5535
461.014	15.1017	11.9224	18.3001
461.514	17.4464	13.8914	19.7878
462.014	16.9691	12.3355	17.3274
462.514	15.1425	11.9842	17.1933
463.014	15.7882	10.6618	16.6541
463.514	16.5827	11.5701	17.6866
464.014	15.3038	14.9816	19.3241
464.514	14.402	14.9258	16.5989
465.014	13.2661	14.727	17.8274
465.514	15.4918	14.4988	18.2426
466.014	16.0753	13.2918	17.8816
466.514	15.7308	14.1817	17.2446
467.014	14.7182	13.6082	16.493
467.514	14.5979	15.3739	16.0553
468.014	16.5717	13.094	16.2815
468.514	15.2557	13.9689	16.3077
469.014	14.5506	13.7299	15.3553
469.514	15.1158	13.4536	13.7449
470.014	15.8755	11.3723	13.1181
470.514	16.9477	13.9364	14.2154
471.014	17.796	13.3023	11.5586
471.514	18.9596	13.5654	15.0495
472.014	18.3443	13.7401	14.7774
472.514	20.0908	13.9889	13.4577
473.014	18.7753	16.978	14.2692
473.514	19.0384	18.5716	13.9062
474.014	18.8147	15.5721	15.1389
474.514	16.8304	17.0626	13.2409
475.014	15.1581	15.648	12.792
475.514	14.9953	14.8769	13.8599
476.014	16.9587	14.3794	15.0088
476.514	17.246	14.0156	15.3437
477.014	13.8986	16.4844	16.8675
477.514	14.0325	17.7013	15.3034
478.014	16.272	18.4506	14.1973
478.514	14.8132	20.0677	13.6348
479.014	15.6249	17.9108	14.2951
479.514	13.662	17.9726	17.7839
480.014	15.1025	17.0347	17.4833
480.514	16.2082	15.3584	15.8195
481.014	14.3466	15.8418	15.2828
481.514	15.1931	15.994	15.0295
482.014	15.4732	15.0369	14.0022
482.514	16.3122	13.9398	14.4851
483.014	16.868	13.1158	14.1261
483.514	15.3984	14.7449	12.3512
484.014	15.1869	12.6391	13.4363
484.514	13.875	12.5714	12.165
485.014	13.2425	13.6458	10.7449
485.514	12.0475	14.1817	10.3019
486.014	14.0173	15.2799	10.1313
486.514	14.3839	14.4214	13.0827
487.014	13.9299	15.594	14.3919
487.514	13.0928	14.0555	13.3439
488.014	13.5988	13.1592	12.6664
488.514	15.9309	11.5195	13.9363
489.014	14.6014	12.7175	13.0779
489.514	11.9081	15.0871	12.7486
490.014	10.6588	14.1412	14.6706
490.514	12.5701	12.4962	15.0087
491.014	13.7735	12.149	15.5229
491.514	14.2427	11.8505	14.111
492.015	14.7719	10.5621	14.5797
492.515	13.4801	11.7098	15.3908
493.015	11.5721	12.5623	15.5564
493.515	12.6921	12.4869	16.0005
494.015	13.0745	10.7347	16.6403
494.515	11.9746	11.207	16.214
495.015	11.4315	10.753	14.7474
495.515	14.1312	11.7479	14.5508
496.015	14.277	12.9822	14.4598
496.515	14.0722	13.2365	13.9473
497.015	14.9484	13.1362	15.786
497.515	14.7189	15.5207	16.6381
498.015	14.3866	15.8392	17.0974
498.515	13.2932	15.6293	16.0648
499.015	15.2831	15.0347	14.5344
499.515	15.3432	13.1637	14.4578
500.015	12.9444	15.3225	15.9737
500.515	14.36	16.7192	17.9735
501.015	15.1006	15.752	19.8757
501.515	14.5167	16.8775	17.9764
502.015	14.7738	16.32	17.8515
502.515	17.1689	16.0923	18.201
503.015	16.9253	13.2954	15.9369
503.515	15.336	14.7301	16.8326
504.015	16.0815	16.5458	15.0851
504.515	13.5298	16.223	14.1186
505.015	12.9015	17.3163	14.5894
505.515	12.4877	15.9079	16.1141
506.015	11.2692	16.4022	16.8844
506.515	11.9831	15.1476	19.8819
507.015	14.8555	14.5	22.3944
507.515	12.2068	12.1681	19.2423
508.015	12.2197	11.6391	17.7658
508.515	13.2049	13.3109	17.1465
509.015	14.121	13.3029	17.2028
509.515	14.483	12.0473	18.2765
510.015	16.4175	12.6145	18.0685
510.515	16.1556	13.9075	17.3809
511.015	17.6614	15.9461	19.7264
511.515	18.0642	16.6981	18.758
512.015	17.5455	14.7839	15.1211
512.515	16.632	17.0638	15.1743
513.015	18.2591	16.5897	15.6199
513.515	18.5782	17.3437	14.5734
514.015	15.8569	17.7365	15.2957
514.515	15.15	17.7853	16.3628
515.015	16.3642	17.4503	16.4217
515.515	16.1934	14.5325	14.685
516.015	14.6509	14.2671	11.1545
516.515	15.4238	13.7696	12.6133
517.015	13.9395	14.4402	11.106
517.515	15.119	15.051	12.0711
518.015	16.861	17.1922	18.2148
518.515	15.2931	16.1938	15.7555
519.015	13.647	15.9867	15.577
519.515	14.5313	16.7472	15.3948
520.015	16.2111	16.1503	15.3983
520.515	15.6681	15.114	13.308
521.015	15.7413	14.6441	14.9903
521.515	16.8135	14.332	18.3336
522.015	18.2251	15.404	16.2303
522.515	16.8816	14.3405	17.6279
523.015	15.2445	16.3718	16.8882
523.515	13.9391	16.1915	17.7668
524.015	12.3368	14.9185	17.4507
524.515	13.5339	13.9396	17.0511
525.015	15.1787	16.2388	17.2361
525.515	15.6099	15.5582	16.5946
526.016	16.4982	14.9207	16.4858
526.516	17.8858	15.2944	17.9857
527.016	17.9722	15.5245	18.4738
527.516	16.7453	14.1807	17.3642
528.016	14.5658	13.9384	17.7187
528.516	15.1889	16.2905	16.5824
529.016	14.4226	16.7365	15.2937
529.516	14.7022	16.269	19.1103
530.016	16.8167	13.4784	19.6888
530.516	17.1162	14.3662	18.5143
531.016	15.5888	15.1092	18.961
531.516	16.4548	15.4426	18.2177
532.016	15.1366	14.5006	17.2002
532.516	13.6924	14.9465	14.7188
533.016	13.6876	16.2935	16.2405
533.516	15.2019	14.2746	14.6045
534.016	14.7338	14.2483	15.1124
534.516	17.3984	15.8595	13.8536
535.016	14.9537	17.1823	14.4994
535.516	13.8831	16.0203	14.0666
536.016	15.0924	17.8905	15.8564
536.516	15.3929	16.022	15.5515
537.016	15.5019	15.8715	16.0907
537.516	16.5347	14.877	15.5465
538.016	16.4606	15.1659	15.3446
538.516	17.1489	15.6441	16.9216
539.016	16.2187	16.1984	14.8181
539.516	14.9836	15.9252	16.5378
540.016	15.6498	16.149	16.1659
540.516	17.9847	18.1438	16.858
541.016	16.8791	16.5608	16.279
541.516	18.5875	14.089	14.0484
542.016	17.7273	16.2246	13.686
542.516	17.8323	17.172	14.0858
543.016	17.7957	16.1851	11.7438
543.516	18.3412	15.5136	11.5637
544.016	16.4724	17.0506	11.2994
544.516	15.2724	14.4594	10.2945
545.016	13.2391	16.8219	12.5627
545.516	14.2968	17.0256	15.4954
546.016	15.2543	16.5541	14.2191
546.516	15.4005	15.7218	14.7787
547.016	15.3479	13.5174	15.4532
547.516	14.3039	16.062	16.7482
548.016	14.1013	17.2018	15.2708
548.516	14.9461	16.4762	16.2902
549.016	11.2616	18.8151	15.334
549.516	13.6231	16.6717	11.6258
550.016	12.5779	17.377	12.5056
550.516	14.1557	17.1144	13.9869
551.016	14.871	16.0859	14.6159
551.516	17.0804	14.6192	14.645
552.016	19.5216	17.3541	13.8782
552.516	20.4954	16.5719	13.0453
553.016	21.44	15.3222	14.3536
553.516	18.5999	16.7614	15.4991
554.016	18.6296	17.0221	13.6823
554.516	18.4385	18.0746	13.8282
555.016	19.1944	18.7205	14.8089
555.516	18.2446	19.1798	12.9909
556.016	17.8217	18.7024	12.6761
556.516	17.1745	17.3498	13.6236
557.016	16.6747	15.5752	14.296
557.516	15.9852	15.4721	16.4248
558.016	16.1078	13.9099	18.0808
558.516	16.3197	15.0237	19.2976
559.016	16.1829	15.0458	17.218
559.517	15.6098	16.6133	17.5214
560.017	16.331	14.9289	19.1033
560.517	16.3917	17.2203	19.1038
561.017	16.9255	17.9817	18.646
561.517	15.9902	18.3693	17.7273
562.017	16.3181	19.7335	16.8955
562.517	16.8113	20.7171	17.3542
563.017	15.151	20.9903	17.8001
563.517	16.0795	20.118	17.7684
564.017	13.3443	19.0329	19.8957
564.517	11.8332	19.3787	18.7663
565.017	12.943	18.6444	20.5105
565.517	14.1063	15.8858	20.2075
566.017	15.318	14.6249	19.2139
566.517	14.8452	16.0837	19.8253
567.017	16.6279	17.6702	22.5657
567.517	17.5965	16.1054	20.5975
568.017	17.4366	18.8442	19.4006
568.517	17.789	19.6564	17.7881
569.017	15.6563	20.2653	16.9034
569.517	15.7585	20.7495	16.7256
570.017	15.7268	19.5731	15.8174
570.517	16.5365	20.9292	15.9539
571.017	15.5279	19.445	14.6363
571.517	17.0945	18.1771	15.2947
572.017	19.1747	17.1387	13.3052
572.517	19.3236	18.3559	13.9241
573.017	17.5465	17.9131	13.118
573.517	16.0275	17.3262	13.1104
574.017	16.4279	16.2367	14.0639
574.517	14.8772	14.5576	15.7575
575.017	16.0719	15.7807	14.8599
575.517	14.4049	16.0607	14.9085
576.017	14.7669	16.2182	16.2165
576.517	14.5738	17.3117	17.3113
577.017	16.1264	17.7366	16.9209
577.517	13.2246	17.5929	16.2828
578.017	13.1834	16.5184	16.0866
578.517	12.7305	17.3782	15.4685
579.017	10.2159	15.9975	12.5782
579.517	14.4228	16.6021	15.6899
580.017	17.0763	16.9712	13.7765
580.517	16.4089	18.0257	14.3984
581.017	15.0585	18.4688	14.5622
581.517	15.3532	16.6339	14.4591
582.017	15.5872	15.7821	15.5713
582.517	16.7049	14.7467	16.023
583.017	15.4271	13.9666	14.1971
583.517	15.4405	15.0225	15.3457
584.017	16.7223	16.8359	16.7188
584.517	16.7759	18.3455	15.9245
585.017	16.3332	19.5256	16.5683
585.517	16.4025	16.0367	17.8876
586.017	17.7329	15.1801	15.7466
586.517	16.1151	15.75	12.8192
587.017	16.0676	14.5537	14.352
587.517	15.7922	12.9741	14.7811
588.017	17.183	14.2205	15.8215
588.517	17.744	13.5731	16.0146
589.017	17.1726	14.4027	15.4989
589.517	16.1032	15.538	16.8897
590.017	16.4906	15.1186	14.6255
590.517	15.4157	15.6663	14.0108
591.017	16.3881	17.094	14.7949
591.517	16.6817	20.0492	14.2321
592.017	16.155	18.5693	13.111
592.517	14.966	17.3618	12.8155
593.017	14.3884	17.6171	11.3191
593.518	14.8299	17.9535	11.9722
594.018	14.0123	16.1629	10.2553
594.518	13.7248	16.8493	7.52195
595.018	11.9892	17.3483	9.00722
595.518	14.1497	18.492	11.669
596.018	14.1107	16.8972	11.4573
596.518	12.5135	15.9148	9.69103
597.018	14.2653	18.5775	11.1022
597.518	16.5238	18.8699	10.5763
598.018	17.6343	18.8342	11.2914
598.518	19.5866	18.0683	11.4461
599.018	14.8982	18.5928	11.3958
599.518	15.4088	17.6026	11.986
600.018	15.554	17.0384	12.0016
