88 
   1      0.00758      0.00758     0 
   2      0.00692      0.00692     0.006 
   3      -0.00758      0.00758     0 
   4      -0.00692      0.00692     0.006 
   5      0      0.00758     0 
   6      0.00758      -0.00758     0 
   7      0.00692      -0.00692     0.006 
   8      -0.00758      -0.00758     0 
   9      -0.00692      -0.00692     0.006 
   10      0      -0.00758     0 
   11      0.00758      0     0 
   12      -0.00758      0     0 
   13      0.00571      0.00571     0.017 
   14      -0.00571      0.00571     0.017 
   15      -8.88178e-19      0.00625704     0.0120269 
   16      0.00625704      0.00625704     0.0120269 
   17      -0.00625704      0.00625704     0.0120269 
   18      0.00571      -0.00571     0.017 
   19      -0.00571      -0.00571     0.017 
   20      -8.88178e-19      -0.00625704     0.0120269 
   21      0.00625704      -0.00625704     0.0120269 
   22      -0.00625704      -0.00625704     0.0120269 
   23      0.00625704      0     0.0120269 
   24      -0.00625704      0     0.0120269 
   25      0.004665      0.004665     0.0265 
   26      -0.004665      0.004665     0.0265 
   27      0      0.00513487     0.0222284 
   28      0.00513487      0.00513487     0.0222284 
   29      -0.00513487      0.00513487     0.0222284 
   30      0.004665      -0.004665     0.0265 
   31      -0.004665      -0.004665     0.0265 
   32      0      -0.00513487     0.0222284 
   33      0.00513487      -0.00513487     0.0222284 
   34      -0.00513487      -0.00513487     0.0222284 
   35      0.00513487      0     0.0222284 
   36      -0.00513487      0     0.0222284 
   37      0.003785      0.003785     0.0345 
   38      -0.003785      0.003785     0.0345 
   39      0      0.00417918     0.0309166 
   40      0.003785      -0.003785     0.0345 
   41      -0.003785      -0.003785     0.0345 
   42      0      -0.00417918     0.0309166 
   43      0.00417918      0     0.0309166 
   44      -0.00417918      0     0.0309166 
   45      0.00417918      0.00417918     0.0309166 
   46      -0.00417918      0.00417918     0.0309166 
   47      -0.00417918      -0.00417918     0.0309166 
   48      0.00417918      -0.00417918     0.0309166 
   49      0.00208959      0.00208959     0.0309166 
   50      -0.00208959      0.00208959     0.0309166 
   51      -0.00208959      -0.00208959     0.0309166 
   52      0.00208959      -0.00208959     0.0309166 
   53      0.00307      0.00307     0.041 
   54      -0.00307      0.00307     0.041 
   55      -4.44089e-19      0.00339021     0.038089 
   56      0.00339021      0.00339021     0.038089 
   57      -0.00339021      0.00339021     0.038089 
   58      0.00307      -0.00307     0.041 
   59      -0.00307      -0.00307     0.041 
   60      -4.44089e-19      -0.00339021     0.038089 
   61      0.00339021      -0.00339021     0.038089 
   62      -0.00339021      -0.00339021     0.038089 
   63      0.00339021      -4.44089e-19     0.038089 
   64      -0.00339021      -4.44089e-19     0.038089 
   65      0.00252      0.00252     0.046 
   66      -0.00252      0.00252     0.046 
   67      0      0.00276794     0.043746 
   68      0.00276794      0.00276794     0.043746 
   69      -0.00276794      0.00276794     0.043746 
   70      0.00252      -0.00252     0.046 
   71      -0.00252      -0.00252     0.046 
   72      0      -0.00276794     0.043746 
   73      0.00276794      -0.00276794     0.043746 
   74      -0.00276794      -0.00276794     0.043746 
   75      0.00276794      0     0.043746 
   76      -0.00276794      0     0.043746 
   77      0.0023      0.0023     0.048 
   78      -0.0023      0.0023     0.048 
   79      0      0.0023     0.048 
   80      0.0023      -0.0023     0.048 
   81      -0.0023      -0.0023     0.048 
   82      0      -0.0023     0.048 
   83      0.0023      0     0.048 
   84      -0.0023      0     0.048 
   85      0.00115      0.00115     0.048 
   86      -0.00115      0.00115     0.048 
   87      -0.00115      -0.00115     0.048 
   88      0.00115      -0.00115     0.048 
184 
33      1    2  0  0  0  0  -1  0  
34      4    3  0  0  0  1  0  0  
35      2    5  0  0  0  0  -1  0  
36      5    4  0  0  0  0  0  -1  
37      6    7  0  0  0  -1  0  0  
38      9    8  0  0  0  0  1  0  
39      7    10  0  0  0  -1  0  0  
40      10    9  0  0  0  0  0  -1  
41      2    11  0  0  0  0  -1  0  
42      11    7  0  0  0  0  0  -1  
43      4    12  0  0  0  1  0  0  
44      12    9  0  0  0  0  0  -1  
45      2    16  0  0  0  0  -1  0  
46      16    13  0  0  0  0  -1  0  
47      4    17  0  0  0  1  0  0  
48      17    14  0  0  0  1  0  0  
49      13    15  0  0  0  0  -1  0  
50      15    4  0  0  0  1  0  0  
51      14    15  0  0  0  1  0  0  
52      15    2  0  0  0  1  0  0  
53      7    21  0  0  0  -1  0  0  
54      21    18  0  0  0  -1  0  0  
55      9    22  0  0  0  0  1  0  
56      22    19  0  0  0  0  1  0  
57      18    20  0  0  0  -1  0  0  
58      20    9  0  0  0  0  1  0  
59      19    20  0  0  0  0  1  0  
60      20    7  0  0  0  0  1  0  
61      13    23  0  0  0  0  -1  0  
62      23    7  0  0  0  0  0  -1  
63      18    23  0  0  0  -1  0  0  
64      23    2  0  0  0  0  0  -1  
65      14    24  0  0  0  1  0  0  
66      24    9  0  0  0  0  0  -1  
67      19    24  0  0  0  0  1  0  
68      24    4  0  0  0  0  0  -1  
69      13    28  0  0  0  0  -1  0  
70      28    25  0  0  0  0  -1  0  
71      14    29  0  0  0  1  0  0  
72      29    26  0  0  0  1  0  0  
73      25    27  0  0  0  0  -1  0  
74      27    14  0  0  0  0  0  -1  
75      26    27  0  0  0  1  0  0  
76      27    13  0  0  0  0  0  -1  
77      18    33  0  0  0  -1  0  0  
78      33    30  0  0  0  -1  0  0  
79      19    34  0  0  0  0  1  0  
80      34    31  0  0  0  0  1  0  
81      30    32  0  0  0  -1  0  0  
82      32    19  0  0  0  0  0  -1  
83      31    32  0  0  0  0  1  0  
84      32    18  0  0  0  0  0  -1  
85      25    35  0  0  0  0  -1  0  
86      35    18  0  0  0  0  0  -1  
87      30    35  0  0  0  -1  0  0  
88      35    13  0  0  0  0  0  -1  
89      26    36  0  0  0  1  0  0  
90      36    19  0  0  0  0  0  -1  
91      31    36  0  0  0  0  1  0  
92      36    14  0  0  0  0  0  -1  
93      25    37  0  0  0  0  -1  0  
94      26    38  0  0  0  1  0  0  
95      25    39  0  0  0  0  -1  0  
96      39    38  0  0  0  0  0  -1  
97      37    39  0  0  0  0  -1  0  
98      39    26  0  0  0  0  0  -1  
99      30    40  0  0  0  -1  0  0  
100      31    41  0  0  0  0  1  0  
101      30    42  0  0  0  -1  0  0  
102      42    41  0  0  0  0  0  -1  
103      40    42  0  0  0  -1  0  0  
104      42    31  0  0  0  0  0  -1  
105      25    43  0  0  0  0  -1  0  
106      43    40  0  0  0  0  0  -1  
107      37    43  0  0  0  0  -1  0  
108      43    30  0  0  0  0  0  -1  
109      26    44  0  0  0  1  0  0  
110      44    41  0  0  0  0  0  -1  
111      38    44  0  0  0  1  0  0  
112      44    31  0  0  0  0  0  -1  
113      45    39  0  0  0  0  0  -1  
114      39    46  0  0  0  0  0  -1  
115      46    44  0  0  0  0  0  -1  
116      44    47  0  0  0  0  0  -1  
117      47    42  0  0  0  0  0  -1  
118      42    48  0  0  0  0  0  -1  
119      48    43  0  0  0  0  0  -1  
120      43    45  0  0  0  0  0  -1  
121      49    39  0  0  0  0  0  -1  
122      39    50  0  0  0  0  0  -1  
123      50    44  0  0  0  0  0  -1  
124      44    51  0  0  0  0  0  -1  
125      51    42  0  0  0  0  0  -1  
126      42    52  0  0  0  0  0  -1  
127      52    43  0  0  0  0  0  -1  
128      43    49  0  0  0  0  0  -1  
129      49    52  0  0  0  0  0  -1  
130      50    51  0  0  0  0  0  -1  
131      45    49  0  0  0  0  0  -1  
132      46    50  0  0  0  0  0  -1  
133      47    51  0  0  0  0  0  -1  
134      48    52  0  0  0  0  0  -1  
135      37    56  0  0  0  0  -1  0  
136      56    53  0  0  0  0  -1  0  
137      38    57  0  0  0  1  0  0  
138      57    54  0  0  0  1  0  0  
139      53    55  0  0  0  0  -1  0  
140      55    38  0  0  0  1  0  0  
141      54    55  0  0  0  1  0  0  
142      55    37  0  0  0  1  0  0  
143      40    61  0  0  0  -1  0  0  
144      61    58  0  0  0  -1  0  0  
145      41    62  0  0  0  0  1  0  
146      62    59  0  0  0  0  1  0  
147      58    60  0  0  0  -1  0  0  
148      60    41  0  0  0  0  1  0  
149      59    60  0  0  0  0  1  0  
150      60    40  0  0  0  0  1  0  
151      53    63  0  0  0  0  -1  0  
152      63    40  0  0  0  -1  0  0  
153      58    63  0  0  0  -1  0  0  
154      63    37  0  0  0  -1  0  0  
155      54    64  0  0  0  1  0  0  
156      64    41  0  0  0  0  1  0  
157      59    64  0  0  0  0  1  0  
158      64    38  0  0  0  0  1  0  
159      53    68  0  0  0  0  -1  0  
160      68    65  0  0  0  0  -1  0  
161      54    69  0  0  0  1  0  0  
162      69    66  0  0  0  1  0  0  
163      65    67  0  0  0  0  -1  0  
164      67    54  0  0  0  0  0  -1  
165      66    67  0  0  0  1  0  0  
166      67    53  0  0  0  0  0  -1  
167      58    73  0  0  0  -1  0  0  
168      73    70  0  0  0  -1  0  0  
169      59    74  0  0  0  0  1  0  
170      74    71  0  0  0  0  1  0  
171      70    72  0  0  0  -1  0  0  
172      72    59  0  0  0  0  0  -1  
173      71    72  0  0  0  0  1  0  
174      72    58  0  0  0  0  0  -1  
175      65    75  0  0  0  0  -1  0  
176      75    58  0  0  0  0  0  -1  
177      70    75  0  0  0  -1  0  0  
178      75    53  0  0  0  0  0  -1  
179      66    76  0  0  0  1  0  0  
180      76    59  0  0  0  0  0  -1  
181      71    76  0  0  0  0  1  0  
182      76    54  0  0  0  0  0  -1  
183      65    77  0  0  0  0  -1  0  
184      66    78  0  0  0  1  0  0  
185      66    79  0  0  0  1  0  0  
186      79    65  0  0  0  0  0  -1  
187      70    80  0  0  0  -1  0  0  
188      71    81  0  0  0  0  1  0  
189      71    82  0  0  0  0  1  0  
190      82    70  0  0  0  0  0  -1  
191      70    83  0  0  0  -1  0  0  
192      83    65  0  0  0  0  0  -1  
193      71    84  0  0  0  0  1  0  
194      84    66  0  0  0  0  0  -1  
195      77    79  0  0  0  0  0  -1  
196      79    78  0  0  0  0  0  -1  
197      78    84  0  0  0  0  0  -1  
198      84    81  0  0  0  0  0  -1  
199      81    82  0  0  0  0  0  -1  
200      82    80  0  0  0  0  0  -1  
201      80    83  0  0  0  0  0  -1  
202      83    77  0  0  0  0  0  -1  
203      85    79  0  0  0  0  0  -1  
204      79    86  0  0  0  0  0  -1  
205      86    84  0  0  0  0  0  -1  
206      84    87  0  0  0  0  0  -1  
207      87    82  0  0  0  0  0  -1  
208      82    88  0  0  0  0  0  -1  
209      88    83  0  0  0  0  0  -1  
210      83    85  0  0  0  0  0  -1  
211      85    88  0  0  0  0  0  -1  
212      86    87  0  0  0  0  0  -1  
213      77    85  0  0  0  0  0  -1  
214      78    86  0  0  0  0  0  -1  
215      81    87  0  0  0  0  0  -1  
216      80    88  0  0  0  0  0  -1  
32 
1      16    15  0  0  0
2      15    17  0  0  0
3      21    20  0  0  0
4      20    22  0  0  0
5      16    23  0  0  0
6      23    21  0  0  0
7      17    24  0  0  0
8      24    22  0  0  0
9      28    27  0  0  0
10      27    29  0  0  0
11      33    32  0  0  0
12      32    34  0  0  0
13      28    35  0  0  0
14      35    33  0  0  0
15      29    36  0  0  0
16      36    34  0  0  0
17      56    55  0  0  0
18      55    57  0  0  0
19      61    60  0  0  0
20      60    62  0  0  0
21      56    63  0  0  0
22      63    61  0  0  0
23      57    64  0  0  0
24      64    62  0  0  0
25      68    67  0  0  0
26      67    69  0  0  0
27      73    72  0  0  0
28      72    74  0  0  0
29      68    75  0  0  0
30      75    73  0  0  0
31      69    76  0  0  0
32      76    74  0  0  0
0 
0 
0
0
24
3
1  2.1e+11  0  10000
2  2.1e+11  0  10000
3  2.1e+11  0  10000
0
0
