*Tension,5
*Conductor_Line,29.3,LGJ-400/50,D27.63
*Ground_Line,2
1,23.0,GJ-8,D11.5
2,23.0,GJ-8,D11.5
*Conductor_Line,29.3,LGJ-400/50,D27.63
*Ground_Line,2
1,23.0,GJ-8,D11.5
2,23.0,GJ-8,D11.5
*Conductor_Line,29.3,LGJ-400/50,D27.63
*Ground_Line,2
1,23.0,GJ-8,D11.5
2,23.0,GJ-8,D11.5
*Conductor_Line,29.3,LGJ-400/50,D27.63
*Ground_Line,2
1,23.0,GJ-8,D11.5
2,23.0,GJ-8,D11.5
*Conductor_Line,29.3,LGJ-400/50,D27.63
*Ground_Line,2
1,23.0,GJ-8,D11.5
2,23.0,GJ-8,D11.5
*Sus,288,46
G  1  0  1  -10  -199.5  42.8
G  2  0  1  8.5  -199.5  42.8
O  1A  0  1  -7.90083  -198.659  35.8
O  2A  0  1  6.459  -198.649  35.8
O  1B  0  1  -11.1677  -198.7  23.8
O  2B  0  1  10.1658  -198.7  23.8
O  1C  0  1  -9.40891  -198.645  12.8
O  2C  0  1  8.36472  -198.649  12.8
G  1  0.69  1  -9.95  0  68.7
G  2  0.69  1  9.95  0  68.7
H  1A  5.5  1  -8.15  0  67.4
H  2A  5.5  1  8.15  0  67.4
H  1B  5.5  1  -10.75  0  54.3695
H  2B  5.5  1  10.75  0  54.3695
H  1C  5.5  1  -8.95  0  44.3623
H  2C  5.5  1  8.95  0  44.3623
G  1  0  2  -10  406.5  54.5
G  1  0  1  -10  405.5  54.5
G  2  0  1  8.5  405.5  54.5
G  2  0  2  8.5  406.5  54.5
O  1A  0  1  -7.90083  404.659  47.5
O  1A  0  2  -7.90083  407.341  47.5
O  2A  0  1  6.459  404.649  47.5
O  2A  0  2  6.459  407.351  47.5
O  1B  0  1  -11.1677  404.7  35.5
O  1B  0  2  -11.1677  407.3  35.5
O  2B  0  1  10.1658  404.7  35.5
O  2B  0  2  10.1658  407.3  35.5
O  1C  0  1  -9.40891  404.645  24.5
O  1C  0  2  -9.40891  407.355  24.5
O  2C  0  1  8.36472  404.649  24.5
O  2C  0  2  8.36472  407.351  24.5
G  1  0.69  2  -107.641  886.498  54.7
G  2  0.69  2  -87.741  886.498  54.7
H  1A  5.5  2  -105.841  886.498  53.4
H  2A  5.5  2  -89.541  886.498  53.4
H  1B  5.5  2  -108.441  886.498  42.1
H  2B  5.5  2  -86.941  886.498  42.1
H  1C  5.5  2  -106.641  886.498  31.6
H  2C  5.5  2  -88.741  886.498  31.6
G  1  0.69  2  -243.523  1222.41  38.5
G  2  0.69  2  -223.623  1222.41  38.5
H  1A  5.5  2  -241.723  1222.41  37.2
H  2A  5.5  2  -225.423  1222.41  37.2
H  1B  5.5  2  -244.323  1222.41  24.1695
H  2B  5.5  2  -222.823  1222.41  24.1695
H  1C  5.5  2  -242.523  1222.41  14.1623
H  2C  5.5  2  -224.623  1222.41  14.1623
G  1  0.69  2  -444.771  1719.91  50.5
G  2  0.69  2  -424.871  1719.91  50.5
H  1A  5.5  2  -442.971  1719.91  49.2
H  2A  5.5  2  -426.671  1719.91  49.2
H  1B  5.5  2  -445.571  1719.91  37.9
H  2B  5.5  2  -424.071  1719.91  37.9
H  1C  5.5  2  -443.771  1719.91  27.4
H  2C  5.5  2  -425.871  1719.91  27.4
G  1  0.69  2  -559.656  2003.92  47.7
G  2  0.69  2  -539.756  2003.92  47.7
H  1A  5.5  2  -557.856  2003.92  46.4
H  2A  5.5  2  -541.556  2003.92  46.4
H  1B  5.5  2  -560.456  2003.92  35.1
H  2B  5.5  2  -538.956  2003.92  35.1
H  1C  5.5  2  -558.656  2003.92  24.6
H  2C  5.5  2  -540.756  2003.92  24.6
G  1  0.69  2  -700.292  2351.58  44
G  2  0.69  2  -680.392  2351.58  44
H  1A  5.5  2  -698.492  2351.58  42.7
H  2A  5.5  2  -682.192  2351.58  42.7
H  1B  5.5  2  -701.092  2351.58  31.4
H  2B  5.5  2  -679.592  2351.58  31.4
H  1C  5.5  2  -699.292  2351.58  20.9
H  2C  5.5  2  -681.392  2351.58  20.9
G  1  0.69  2  -850.832  2723.72  39.4
G  2  0.69  2  -830.932  2723.72  39.4
H  1A  5.5  2  -849.032  2723.72  38.1
H  2A  5.5  2  -832.732  2723.72  38.1
H  1B  5.5  2  -851.632  2723.72  26.8
H  2B  5.5  2  -830.132  2723.72  26.8
H  1C  5.5  2  -849.832  2723.72  16.3
H  2C  5.5  2  -831.932  2723.72  16.3
G  1  0.69  2  -1026.33  3157.57  34.6
G  2  0.69  2  -1006.43  3157.57  34.6
H  1A  5.5  2  -1024.53  3157.57  33.3
H  2A  5.5  2  -1008.23  3157.57  33.3
H  1B  5.5  2  -1027.13  3157.57  20.2695
H  2B  5.5  2  -1005.63  3157.57  20.2695
H  1C  5.5  2  -1025.33  3157.57  10.2623
H  2C  5.5  2  -1007.43  3157.57  10.2623
G  1  0.69  2  -1197.87  3581.62  29.3
G  2  0.69  2  -1177.97  3581.62  29.3
H  1A  5.5  2  -1196.07  3581.62  28
H  2A  5.5  2  -1179.77  3581.62  28
H  1B  5.5  2  -1198.67  3581.62  16.7
H  2B  5.5  2  -1177.17  3581.62  16.7
H  1C  5.5  2  -1196.87  3581.62  6.2
H  2C  5.5  2  -1178.97  3581.62  6.2
G  1  0  3  -1353.21  3966.02  12.4
G  1  0  2  -1353.21  3965.02  12.4
G  2  0  2  -1334.71  3965.02  12.4
G  2  0  3  -1334.71  3966.02  12.4
O  1A  0  2  -1351.11  3964.18  5.4
O  1A  0  3  -1351.11  3966.86  5.4
O  2A  0  2  -1336.75  3964.17  5.4
O  2A  0  3  -1336.75  3966.87  5.4
O  1B  0  2  -1354.38  3964.22  -6.60004
O  1B  0  3  -1354.38  3966.82  -6.60004
O  2B  0  2  -1333.04  3964.22  -6.60005
O  2B  0  3  -1333.04  3966.82  -6.60005
O  1C  0  2  -1352.62  3964.16  -17.6
O  1C  0  3  -1352.62  3966.87  -17.6
O  2C  0  2  -1334.84  3964.17  -17.6
O  2C  0  3  -1334.84  3966.87  -17.6
G  1  0.69  3  -1407.61  4353.56  13.4
G  2  0.69  3  -1387.71  4353.56  13.4
H  1A  5.5  3  -1405.81  4353.56  12.1
H  2A  5.5  3  -1389.51  4353.56  12.1
H  1B  5.5  3  -1408.41  4353.56  0.8
H  2B  5.5  3  -1386.91  4353.56  0.8
H  1C  5.5  3  -1406.61  4353.56  -9.7
H  2C  5.5  3  -1388.71  4353.56  -9.7
G  1  0.69  3  -1363.33  4703.86  6.8
G  2  0.69  3  -1343.43  4703.86  6.8
H  1A  5.5  3  -1361.53  4703.86  5.5
H  2A  5.5  3  -1345.23  4703.86  5.5
H  1B  5.5  3  -1364.13  4703.86  -5.8
H  2B  5.5  3  -1342.63  4703.86  -5.8
H  1C  5.5  3  -1362.33  4703.86  -16.3
H  2C  5.5  3  -1344.43  4703.86  -16.3
G  1  0.69  3  -1316.73  5080.1  3.4
G  2  0.69  3  -1294.93  5080.1  3.4
H  1A  5.5  3  -1314.23  5080.1  2.1
H  2A  5.5  3  -1297.43  5080.1  2.1
H  1B  5.5  3  -1317.53  5080.1  -9.4
H  2B  5.5  3  -1294.13  5080.1  -9.4
H  1C  5.5  3  -1315.03  5080.1  -19.9
H  2C  5.5  3  -1296.63  5080.1  -19.9
G  1  0.69  3  -1226.09  5799.66  -9.4
G  2  0.69  3  -1203.69  5799.66  -9.4
H  1A  5.5  3  -1223.59  5799.66  -10.9
H  2A  5.5  3  -1206.19  5799.66  -10.9
H  1B  5.5  3  -1226.99  5799.66  -22.5
H  2B  5.5  3  -1202.79  5799.66  -22.5
H  1C  5.5  3  -1224.49  5799.66  -33
H  2C  5.5  3  -1205.29  5799.66  -33
G  1  0  3  -1195.33  6026.71  -34.5
G  2  0  3  -1176.93  6026.71  -34.5
G  1  0  4  -1195.33  6027.71  -34.5
G  2  0  4  -1176.93  6027.71  -34.5
O  1A  0  3  -1193.06  6025.92  -41.5
O  1A  0  4  -1193.06  6028.49  -41.5
O  2A  0  3  -1179.66  6025.91  -41.5
O  2A  0  4  -1179.66  6028.51  -41.5
O  1B  0  3  -1197.96  6025.95  -53.5
O  1B  0  4  -1197.96  6028.46  -53.5
O  2B  0  3  -1175.46  6025.91  -53.5
O  2B  0  4  -1175.46  6028.51  -53.5
O  1C  0  3  -1195.47  6025.9  -64.5
O  1C  0  4  -1195.47  6028.51  -64.5
O  2C  0  3  -1177.94  6025.79  -64.5
O  2C  0  4  -1177.94  6028.63  -64.5
G  1  0.69  4  -1145.28  6730.72  -51.6
G  2  0.69  4  -1122.68  6730.72  -51.6
H  1A  5.5  4  -1142.78  6730.72  -53.1
H  2A  5.5  4  -1125.18  6730.72  -53.1
H  1B  5.5  4  -1146.38  6730.72  -64.9
H  2B  5.5  4  -1121.58  6730.72  -64.9
H  1C  5.5  4  -1143.88  6730.72  -75.4
H  2C  5.5  4  -1124.08  6730.72  -75.4
G  1  0.69  4  -1122.45  7777.66  -26.2
G  2  0.69  4  -1099.85  7777.66  -26.2
H  1A  5.5  4  -1119.95  7777.66  -27.7
H  2A  5.5  4  -1102.35  7777.66  -27.7
H  1B  5.5  4  -1123.55  7777.66  -39.5
H  2B  5.5  4  -1098.75  7777.66  -39.5
H  1C  5.5  4  -1121.05  7777.66  -50
H  2C  5.5  4  -1101.25  7777.66  -50
G  1  0.69  4  -1113.71  8116.64  8.5
G  2  0.69  4  -1093.81  8116.64  8.5
H  1A  5.5  4  -1111.91  8116.64  7.2
H  2A  5.5  4  -1095.61  8116.64  7.2
H  1B  5.5  4  -1114.51  8116.64  -4.1
H  2B  5.5  4  -1093.01  8116.64  -4.1
H  1C  5.5  4  -1112.71  8116.64  -14.6
H  2C  5.5  4  -1094.81  8116.64  -14.6
G  1  0  5  -1104.63  8536.12  3.8
G  1  0  4  -1104.63  8535.12  3.8
G  2  0  4  -1086.13  8535.12  3.8
G  2  0  5  -1086.13  8536.12  3.8
O  1A  0  4  -1102.53  8534.28  -3.2
O  1A  0  5  -1102.53  8536.96  -3.2
O  2A  0  4  -1088.17  8534.27  -3.2
O  2A  0  5  -1088.17  8536.97  -3.2
O  1B  0  4  -1105.79  8534.32  -15.2
O  1B  0  5  -1105.79  8536.92  -15.2
O  2B  0  4  -1084.46  8534.32  -15.2
O  2B  0  5  -1084.46  8536.92  -15.2
O  1C  0  4  -1104.03  8534.26  -26.2
O  1C  0  5  -1104.03  8536.97  -26.2
O  2C  0  4  -1086.26  8534.27  -26.2
O  2C  0  5  -1086.26  8536.97  -26.2
G  1  0.69  5  -1165.18  8812.01  22.8
G  2  0.69  5  -1142.78  8812.01  22.8
H  1A  5.5  5  -1162.68  8812.01  21.3
H  2A  5.5  5  -1145.28  8812.01  21.3
H  1B  5.5  5  -1166.08  8812.01  9.7
H  2B  5.5  5  -1141.88  8812.01  9.7
H  1C  5.5  5  -1163.58  8812.01  -0.8
H  2C  5.5  5  -1144.38  8812.01  -0.8
G  1  0.69  5  -1372.72  9275.9  -69.112
G  2  0.69  5  -1351.12  9275.9  -69.112
H  1A  5.5  5  -1370.72  9275.9  -70.432
H  2A  5.5  5  -1353.12  9275.9  -70.432
H  1B  5.5  5  -1373.62  9275.9  -80.814
H  2B  5.5  5  -1350.22  9275.9  -80.814
H  1C  5.5  5  -1371.82  9275.9  -90.052
H  2C  5.5  5  -1352.02  9275.9  -90.052
G  1  0.69  5  -1564.94  9704.71  -94.412
G  2  0.69  5  -1543.34  9704.71  -94.412
H  1A  5.5  5  -1562.94  9704.71  -95.732
H  2A  5.5  5  -1545.34  9704.71  -95.732
H  1B  5.5  5  -1565.84  9704.71  -106.114
H  2B  5.5  5  -1542.44  9704.71  -106.114
H  1C  5.5  5  -1564.04  9704.71  -115.352
H  2C  5.5  5  -1544.24  9704.71  -115.352
G  1  0.69  5  -1870.74  10386.9  -94.812
G  2  0.69  5  -1849.14  10386.9  -94.812
H  1A  5.5  5  -1868.74  10386.9  -96.132
H  2A  5.5  5  -1851.14  10386.9  -96.132
H  1B  5.5  5  -1871.64  10386.9  -106.514
H  2B  5.5  5  -1848.24  10386.9  -106.514
H  1C  5.5  5  -1869.84  10386.9  -115.752
H  2C  5.5  5  -1850.04  10386.9  -115.752
G  1  0.69  5  -2017.8  10716.3  -67.1
G  2  0.69  5  -1997.4  10716.3  -67.1
H  1A  5.5  5  -2016  10716.3  -68.4
H  2A  5.5  5  -1999.2  10716.3  -68.4
H  1B  5.5  5  -2018.6  10716.3  -79.9
H  2B  5.5  5  -1996.6  10716.3  -79.9
H  1C  5.5  5  -2016.8  10716.3  -90.4
H  2C  5.5  5  -1998.4  10716.3  -90.4
G  1  0.69  5  -2184.42  11088.6  -15.5
G  2  0.69  5  -2164.52  11088.6  -15.5
H  1A  5.5  5  -2182.62  11088.6  -16.8
H  2A  5.5  5  -2166.32  11088.6  -16.8
H  1B  5.5  5  -2185.22  11088.6  -28.1
H  2B  5.5  5  -2163.72  11088.6  -28.1
H  1C  5.5  5  -2183.42  11088.6  -38.6
H  2C  5.5  5  -2165.52  11088.6  -38.6
G  1  0.69  5  -2297.57  11341  14.3
G  2  0.69  5  -2277.67  11341  14.3
H  1A  5.5  5  -2295.77  11341  13
H  2A  5.5  5  -2279.47  11341  13
H  1B  5.5  5  -2298.37  11341  1.7
H  2B  5.5  5  -2276.87  11341  1.7
H  1C  5.5  5  -2296.57  11341  -8.8
H  2C  5.5  5  -2278.67  11341  -8.8
G  1  0.69  5  -2410.28  11592.4  18.4
G  2  0.69  5  -2390.38  11592.4  18.4
H  1A  5.5  5  -2408.48  11592.4  17.1
H  2A  5.5  5  -2392.18  11592.4  17.1
H  1B  5.5  5  -2411.08  11592.4  5.8
H  2B  5.5  5  -2389.58  11592.4  5.8
H  1C  5.5  5  -2409.28  11592.4  -4.7
H  2C  5.5  5  -2391.38  11592.4  -4.7
G  1  0.69  5  -2583.28  11978.4  29.4
G  2  0.69  5  -2563.38  11978.4  29.4
H  1A  5.5  5  -2581.48  11978.4  28.1
H  2A  5.5  5  -2565.18  11978.4  28.1
H  1B  5.5  5  -2584.08  11978.4  16.8
H  2B  5.5  5  -2562.58  11978.4  16.8
H  1C  5.5  5  -2582.28  11978.4  6.3
H  2C  5.5  5  -2564.38  11978.4  6.3
G  1  0.69  5  -2745.35  12339.9  39.9
G  2  0.69  5  -2725.45  12339.9  39.9
H  1A  5.5  5  -2743.55  12339.9  38.6
H  2A  5.5  5  -2727.25  12339.9  38.6
H  1B  5.5  5  -2746.15  12339.9  27.3
H  2B  5.5  5  -2724.65  12339.9  27.3
H  1C  5.5  5  -2744.35  12339.9  16.8
H  2C  5.5  5  -2726.45  12339.9  16.8
G  1  0  5  -2909.22  12704.9  42.8
G  2  0  5  -2890.72  12704.9  42.8
O  1A  0  5  -2907.12  12704  35.8
O  2A  0  5  -2892.76  12704  35.8
O  1B  0  5  -2910.39  12704.1  23.8
O  2B  0  5  -2889.05  12704.1  23.8
O  1C  0  5  -2908.63  12704  12.8
O  2C  0  5  -2890.86  12704  12.8
