*Section,1
*Tension,1,49,54
*Conductor_Line,29.3,LGJ-400/50,D27.63
*Ground_Line,2
1,23.0,GJ-80,D11.5
2,23.0,GJ-80,D11.5
*Sus,352,4
G  1  0  1  -10  -199.5  42.8
G  2  0  1  8.5  -199.5  42.8
O  1A  0  1  -7.90083  -198.659  35.8
O  2A  0  1  6.459  -198.649  35.8
O  1B  0  1  -11.1677  -198.7  23.8
O  2B  0  1  10.1658  -198.7  23.8
O  1C  0  1  -9.40891  -198.645  12.8
O  2C  0  1  8.36472  -198.649  12.8
G  1  0.69  1  -9.95  0  68.7
G  2  0.69  1  9.95  0  68.7
H  1A  5.5  1  -8.15  0  67.4
H  2A  5.5  1  8.15  0  67.4
H  1B  5.5  1  -10.75  0  54.3695
H  2B  5.5  1  10.75  0  54.3695
H  1C  5.5  1  -8.95  0  44.3623
H  2C  5.5  1  8.95  0  44.3623
G  1  0  2  -9.89429  404.466  54.5
G  1  0  1  -9.69193  403.487  54.5
G  2  0  1  8.42533  407.23  54.5
G  2  0  2  8.22297  408.21  54.5
O  1A  0  1  -7.46604  403.088  47.5
O  1A  0  2  -8.00871  405.714  47.5
O  2A  0  1  6.59869  405.984  47.5
O  2A  0  2  6.05204  408.63  47.5
O  1B  0  1  -10.6736  402.467  35.5
O  1B  0  2  -11.1998  405.013  35.5
O  2B  0  1  10.2186  406.784  35.5
O  2B  0  2  9.69238  409.33  35.5
O  1C  0  1  -8.94007  402.769  24.5
O  1C  0  2  -9.48842  405.423  24.5
O  2C  0  1  8.46497  406.37  24.5
O  2C  0  2  7.91836  409.015  24.5
G  1  0.69  2  -200.479  875.074  54.7
G  2  0.69  2  -182.209  882.961  54.7
H  1A  5.5  2  -198.826  875.787  53.4
H  2A  5.5  2  -183.861  882.248  53.4
H  1B  5.5  2  -201.213  874.757  42.1
H  2B  5.5  2  -181.474  883.278  42.1
H  1C  5.5  2  -199.561  875.47  31.6
H  2C  5.5  2  -183.127  882.565  31.6
G  1  0.69  2  -336.361  1210.98  38.5
G  2  0.69  2  -318.091  1218.87  38.5
H  1A  5.5  2  -334.708  1211.7  37.2
H  2A  5.5  2  -319.743  1218.16  37.2
H  1B  5.5  2  -337.095  1210.67  24.1695
H  2B  5.5  2  -317.356  1219.19  24.1695
H  1C  5.5  2  -335.443  1211.38  14.1623
H  2C  5.5  2  -319.009  1218.48  14.1623
G  1  0.69  2  -537.609  1708.49  50.5
G  2  0.69  2  -519.339  1716.37  50.5
H  1A  5.5  2  -535.956  1709.2  49.2
H  2A  5.5  2  -520.991  1715.66  49.2
H  1B  5.5  2  -538.343  1708.17  37.9
H  2B  5.5  2  -518.604  1716.69  37.9
H  1C  5.5  2  -536.691  1708.88  27.4
H  2C  5.5  2  -520.257  1715.98  27.4
G  1  0.69  2  -652.494  1992.49  47.7
G  2  0.69  2  -634.224  2000.38  47.7
H  1A  5.5  2  -650.842  1993.21  46.4
H  2A  5.5  2  -635.877  1999.67  46.4
H  1B  5.5  2  -653.229  1992.17  35.1
H  2B  5.5  2  -633.49  2000.7  35.1
H  1C  5.5  2  -651.576  1992.89  24.6
H  2C  5.5  2  -635.142  1999.98  24.6
G  1  0.69  2  -793.13  2340.15  44
G  2  0.69  2  -774.86  2348.04  44
H  1A  5.5  2  -791.478  2340.87  42.7
H  2A  5.5  2  -776.512  2347.33  42.7
H  1B  5.5  2  -793.865  2339.84  31.4
H  2B  5.5  2  -774.125  2348.36  31.4
H  1C  5.5  2  -792.212  2340.55  20.9
H  2C  5.5  2  -775.778  2347.65  20.9
G  1  0.69  2  -943.67  2712.3  39.4
G  2  0.69  2  -925.4  2720.19  39.4
H  1A  5.5  2  -942.017  2713.01  38.1
H  2A  5.5  2  -927.052  2719.47  38.1
H  1B  5.5  2  -944.404  2711.98  26.8
H  2B  5.5  2  -924.665  2720.51  26.8
H  1C  5.5  2  -942.752  2712.7  16.3
H  2C  5.5  2  -926.318  2719.79  16.3
G  1  0.69  2  -1119.17  3146.14  34.6
G  2  0.69  2  -1100.9  3154.03  34.6
H  1A  5.5  2  -1117.51  3146.86  33.3
H  2A  5.5  2  -1102.55  3153.32  33.3
H  1B  5.5  2  -1119.9  3145.83  20.2695
H  2B  5.5  2  -1100.16  3154.35  20.2695
H  1C  5.5  2  -1118.25  3146.54  10.2623
H  2C  5.5  2  -1101.82  3153.64  10.2623
G  1  0.69  2  -1290.7  3578.08  29.3
G  2  0.69  2  -1272.43  3570.2  29.3
H  1A  5.5  2  -1289.05  3577.37  28
H  2A  5.5  2  -1274.09  3570.91  28
H  1B  5.5  2  -1291.44  3578.4  16.7
H  2B  5.5  2  -1271.7  3569.88  16.7
H  1C  5.5  2  -1289.79  3577.69  6.2
H  2C  5.5  2  -1273.35  3570.59  6.2
G  1  0  3  -1446.83  3957.13  12.4
G  1  0  2  -1446.69  3956.14  12.4
G  2  0  2  -1428.38  3958.73  12.4
G  2  0  3  -1428.52  3959.72  12.4
O  1A  0  2  -1444.5  3955.6  5.4
O  1A  0  3  -1444.87  3958.26  5.4
O  2A  0  2  -1430.28  3957.6  5.4
O  2A  0  3  -1430.66  3960.28  5.4
O  1B  0  2  -1447.74  3955.19  -6.60004
O  1B  0  3  -1448.1  3957.76  -6.60004
O  2B  0  2  -1426.61  3958.17  -6.60005
O  2B  0  3  -1426.98  3960.75  -6.60005
O  1C  0  2  -1445.99  3955.38  -17.6
O  1C  0  3  -1446.37  3958.06  -17.6
O  2C  0  2  -1428.39  3957.87  -17.6
O  2C  0  3  -1428.77  3960.55  -17.6
G  1  0.69  3  -1397.67  4347.52  13.4
G  2  0.69  3  -1377.92  4345  13.4
H  1A  5.5  3  -1395.88  4347.29  12.1
H  2A  5.5  3  -1379.71  4345.23  12.1
H  1B  5.5  3  -1398.46  4347.62  0.8
H  2B  5.5  3  -1377.13  4344.9  0.8
H  1C  5.5  3  -1396.67  4347.39  -9.7
H  2C  5.5  3  -1378.92  4345.13  -9.7
G  1  0.69  3  -1353.39  4697.81  6.8
G  2  0.69  3  -1333.65  4695.3  6.8
H  1A  5.5  3  -1351.61  4697.59  5.5
H  2A  5.5  3  -1335.44  4695.53  5.5
H  1B  5.5  3  -1354.19  4697.92  -5.8
H  2B  5.5  3  -1332.86  4695.2  -5.8
H  1C  5.5  3  -1352.4  4697.69  -16.3
H  2C  5.5  3  -1334.64  4695.43  -16.3
G  1  0.69  3  -1306.78  5074.18  3.4
G  2  0.69  3  -1285.16  5071.43  3.4
H  1A  5.5  3  -1304.3  5073.87  2.1
H  2A  5.5  3  -1287.64  5071.74  2.1
H  1B  5.5  3  -1307.58  5074.28  -9.4
H  2B  5.5  3  -1284.36  5071.33  -9.4
H  1C  5.5  3  -1305.1  5073.97  -19.9
H  2C  5.5  3  -1286.84  5071.64  -19.9
G  1  0.69  3  -1216.14  5793.78  -9.4
G  2  0.69  3  -1193.91  5790.95  -9.4
H  1A  5.5  3  -1213.66  5793.46  -10.9
H  2A  5.5  3  -1196.39  5791.27  -10.9
H  1B  5.5  3  -1217.03  5793.89  -22.5
H  2B  5.5  3  -1193.02  5790.84  -22.5
H  1C  5.5  3  -1214.55  5793.58  -33
H  2C  5.5  3  -1195.5  5791.15  -33
G  1  0  3  -1185.48  6020.09  -34.5
G  2  0  3  -1167.13  6018.73  -34.5
G  1  0  4  -1185.4  6021.09  -34.5
G  2  0  4  -1167.05  6019.72  -34.5
O  1A  0  3  -1183.27  6019.14  -41.5
O  1A  0  4  -1183.08  6021.7  -41.5
O  2A  0  3  -1169.91  6018.13  -41.5
O  2A  0  4  -1169.72  6020.73  -41.5
O  1B  0  3  -1188.16  6019.54  -53.5
O  1B  0  4  -1187.97  6022.03  -53.5
O  2B  0  3  -1165.72  6017.82  -53.5
O  2B  0  4  -1165.53  6020.41  -53.5
O  1C  0  3  -1185.68  6019.3  -64.5
O  1C  0  4  -1185.48  6021.9  -64.5
O  2C  0  3  -1168.21  6017.89  -64.5
O  2C  0  4  -1168  6020.72  -64.5
G  1  0.69  4  -1172.21  6724.11  -51.6
G  2  0.69  4  -1149.62  6723.62  -51.6
H  1A  5.5  4  -1169.71  6724.06  -53.1
H  2A  5.5  4  -1152.12  6723.67  -53.1
H  1B  5.5  4  -1173.31  6724.14  -64.9
H  2B  5.5  4  -1148.52  6723.6  -64.9
H  1C  5.5  4  -1170.81  6724.08  -75.4
H  2C  5.5  4  -1151.02  6723.65  -75.4
G  1  0.69  4  -1149.39  7771.05  -26.2
G  2  0.69  4  -1126.79  7770.56  -26.2
H  1A  5.5  4  -1146.89  7771  -27.7
H  2A  5.5  4  -1129.29  7770.61  -27.7
H  1B  5.5  4  -1150.48  7771.07  -39.5
H  2B  5.5  4  -1125.69  7770.53  -39.5
H  1C  5.5  4  -1147.99  7771.02  -50
H  2C  5.5  4  -1128.19  7770.59  -50
G  1  0.69  4  -1140.64  8110  8.5
G  2  0.69  4  -1120.75  8109.57  8.5
H  1A  5.5  4  -1138.84  8109.96  7.2
H  2A  5.5  4  -1122.55  8109.61  7.2
H  1B  5.5  4  -1141.44  8110.02  -4.1
H  2B  5.5  4  -1119.95  8109.55  -4.1
H  1C  5.5  4  -1139.64  8109.98  -14.6
H  2C  5.5  4  -1121.75  8109.59  -14.6
G  1  0  5  -1131.44  8527.11  3.8
G  1  0  4  -1131.22  8526.13  3.8
G  2  0  4  -1113.15  8530.09  3.8
G  2  0  5  -1113.36  8531.06  3.8
O  1A  0  4  -1128.99  8525.76  -3.2
O  1A  0  5  -1129.57  8528.38  -3.2
O  2A  0  4  -1114.96  8528.82  -3.2
O  2A  0  5  -1115.54  8531.46  -3.2
O  1B  0  4  -1132.19  8525.1  -15.2
O  1B  0  5  -1132.75  8527.64  -15.2
O  2B  0  4  -1111.35  8529.66  -15.2
O  2B  0  5  -1111.91  8532.2  -15.2
O  1C  0  4  -1130.46  8525.43  -26.2
O  1C  0  5  -1131.04  8528.07  -26.2
O  2C  0  4  -1113.1  8529.23  -26.2
O  2C  0  5  -1113.68  8531.87  -26.2
G  1  0.69  5  -1253.1  8801.14  22.8
G  2  0.69  5  -1232.95  8810.93  22.8
H  1A  5.5  5  -1250.85  8802.24  21.3
H  2A  5.5  5  -1235.2  8809.84  21.3
H  1B  5.5  5  -1253.9  8800.75  9.7
H  2B  5.5  5  -1232.14  8811.33  9.7
H  1C  5.5  5  -1251.66  8801.84  -0.8
H  2C  5.5  5  -1234.39  8810.23  -0.8
G  1  0.69  5  -1460.7  9276.09  -69.112
G  2  0.69  5  -1441.28  9285.53  -69.112
H  1A  5.5  5  -1458.91  9276.96  -70.432
H  2A  5.5  5  -1443.08  9284.65  -70.432
H  1B  5.5  5  -1461.51  9275.69  -80.814
H  2B  5.5  5  -1440.47  9285.92  -80.814
H  1C  5.5  5  -1459.89  9276.48  -90.052
H  2C  5.5  5  -1442.09  9285.13  -90.052
G  1  0.69  5  -1652.94  9714.95  -94.412
G  2  0.69  5  -1633.52  9724.39  -94.412
H  1A  5.5  5  -1651.15  9715.82  -95.732
H  2A  5.5  5  -1635.32  9723.51  -95.732
H  1B  5.5  5  -1653.75  9714.55  -106.114
H  2B  5.5  5  -1632.71  9724.78  -106.114
H  1C  5.5  5  -1652.13  9715.34  -115.352
H  2C  5.5  5  -1634.33  9723.99  -115.352
G  1  0.69  5  -1958.78  10413.1  -94.812
G  2  0.69  5  -1939.35  10422.6  -94.812
H  1A  5.5  5  -1956.98  10414  -96.132
H  2A  5.5  5  -1941.15  10421.7  -96.132
H  1B  5.5  5  -1959.59  10412.7  -106.514
H  2B  5.5  5  -1938.54  10423  -106.514
H  1C  5.5  5  -1957.97  10413.5  -115.752
H  2C  5.5  5  -1940.16  10422.2  -115.752
G  1  0.69  5  -2105.92  10750.5  -67.1
G  2  0.69  5  -2087.57  10759.4  -67.1
H  1A  5.5  5  -2104.3  10751.3  -68.4
H  2A  5.5  5  -2089.19  10758.6  -68.4
H  1B  5.5  5  -2106.64  10750.2  -79.9
H  2B  5.5  5  -2086.85  10759.8  -79.9
H  1C  5.5  5  -2105.02  10751  -90.4
H  2C  5.5  5  -2088.47  10759  -90.4
G  1  0.69  5  -2272.59  11131.6  -15.5
G  2  0.69  5  -2254.69  11140.3  -15.5
H  1A  5.5  5  -2270.97  11132.4  -16.8
H  2A  5.5  5  -2256.31  11139.5  -16.8
H  1B  5.5  5  -2273.31  11131.3  -28.1
H  2B  5.5  5  -2253.97  11140.7  -28.1
H  1C  5.5  5  -2271.69  11132.1  -38.6
H  2C  5.5  5  -2255.59  11139.9  -38.6
G  1  0.69  5  -2385.75  11390  14.3
G  2  0.69  5  -2367.85  11398.7  14.3
H  1A  5.5  5  -2384.13  11390.8  13
H  2A  5.5  5  -2369.47  11397.9  13
H  1B  5.5  5  -2386.47  11389.6  1.7
H  2B  5.5  5  -2367.13  11399  1.7
H  1C  5.5  5  -2384.85  11390.4  -8.8
H  2C  5.5  5  -2368.75  11398.2  -8.8
G  1  0.69  5  -2498.47  11647.3  18.4
G  2  0.69  5  -2480.57  11656  18.4
H  1A  5.5  5  -2496.85  11648.1  17.1
H  2A  5.5  5  -2482.19  11655.2  17.1
H  1B  5.5  5  -2499.19  11646.9  5.8
H  2B  5.5  5  -2479.86  11656.3  5.8
H  1C  5.5  5  -2497.57  11647.7  -4.7
H  2C  5.5  5  -2481.47  11655.6  -4.7
G  1  0.69  5  -2671.49  12042.3  29.4
G  2  0.69  5  -2653.59  12051  29.4
H  1A  5.5  5  -2669.87  12043.1  28.1
H  2A  5.5  5  -2655.21  12050.2  28.1
H  1B  5.5  5  -2672.21  12041.9  16.8
H  2B  5.5  5  -2652.87  12051.3  16.8
H  1C  5.5  5  -2670.59  12042.7  6.3
H  2C  5.5  5  -2654.49  12050.5  6.3
G  1  0.69  5  -2833.58  12412.3  39.9
G  2  0.69  5  -2815.68  12421  39.9
H  1A  5.5  5  -2831.96  12413.1  38.6
H  2A  5.5  5  -2817.3  12420.2  38.6
H  1B  5.5  5  -2834.3  12412  27.3
H  2B  5.5  5  -2814.96  12421.4  27.3
H  1C  5.5  5  -2832.68  12412.7  16.8
H  2C  5.5  5  -2816.58  12420.6  16.8
G  1  0  6  -2998.47  12791.2  42.8
G  1  0  5  -2998.47  12790.2  42.8
G  2  0  5  -2979.97  12790.2  42.8
G  2  0  6  -2979.97  12791.2  42.8
O  1A  0  5  -2996.38  12789.3  35.8
O  1A  0  6  -2996.38  12792  35.8
O  2A  0  5  -2982.02  12789.3  35.8
O  2A  0  6  -2982.02  12792  35.8
O  1B  0  5  -2999.64  12789.4  23.8
O  1B  0  6  -2999.64  12792  23.8
O  2B  0  5  -2978.31  12789.4  23.8
O  2B  0  6  -2978.31  12792  23.8
O  1C  0  5  -2997.88  12789.3  12.8
O  1C  0  6  -2997.88  12792  12.8
O  2C  0  5  -2980.11  12789.3  12.8
O  2C  0  6  -2980.11  12792  12.8
G  1  0  1  -1446.83  3957.13  12.4
G  1  0  0  -1446.69  3956.14  12.4
G  2  0  0  -1428.38  3958.73  12.4
G  2  0  1  -1428.52  3959.72  12.4
O  1A  0  0  -1444.5  3955.6  5.4
O  1A  0  1  -1444.87  3958.26  5.4
O  2A  0  0  -1430.28  3957.6  5.4
O  2A  0  1  -1430.66  3960.28  5.4
O  1B  0  0  -1447.74  3955.19  -6.60004
O  1B  0  1  -1448.1  3957.76  -6.60004
O  2B  0  0  -1426.61  3958.17  -6.60005
O  2B  0  1  -1426.98  3960.75  -6.60005
O  1C  0  0  -1445.99  3955.38  -17.6
O  1C  0  1  -1446.37  3958.06  -17.6
O  2C  0  0  -1428.39  3957.87  -17.6
O  2C  0  1  -1428.77  3960.55  -17.6
G  1  0.69  1  -1397.67  4347.52  13.4
G  2  0.69  1  -1377.92  4345  13.4
H  1A  5.5  1  -1395.88  4347.29  12.1
H  2A  5.5  1  -1379.71  4345.23  12.1
H  1B  5.5  1  -1398.46  4347.62  0.8
H  2B  5.5  1  -1377.13  4344.9  0.8
H  1C  5.5  1  -1396.67  4347.39  -9.7
H  2C  5.5  1  -1378.92  4345.13  -9.7
G  1  0.69  1  -1353.39  4697.81  6.8
G  2  0.69  1  -1333.65  4695.3  6.8
H  1A  5.5  1  -1351.61  4697.59  5.5
H  2A  5.5  1  -1335.44  4695.53  5.5
H  1B  5.5  1  -1354.19  4697.92  -5.8
H  2B  5.5  1  -1332.86  4695.2  -5.8
H  1C  5.5  1  -1352.4  4697.69  -16.3
H  2C  5.5  1  -1334.64  4695.43  -16.3
G  1  0.69  1  -1306.78  5074.18  3.4
G  2  0.69  1  -1285.16  5071.43  3.4
H  1A  5.5  1  -1304.3  5073.87  2.1
H  2A  5.5  1  -1287.64  5071.74  2.1
H  1B  5.5  1  -1307.58  5074.28  -9.4
H  2B  5.5  1  -1284.36  5071.33  -9.4
H  1C  5.5  1  -1305.1  5073.97  -19.9
H  2C  5.5  1  -1286.84  5071.64  -19.9
G  1  0.69  1  -1216.14  5793.78  -9.4
G  2  0.69  1  -1193.91  5790.95  -9.4
H  1A  5.5  1  -1213.66  5793.46  -10.9
H  2A  5.5  1  -1196.39  5791.27  -10.9
H  1B  5.5  1  -1217.03  5793.89  -22.5
H  2B  5.5  1  -1193.02  5790.84  -22.5
H  1C  5.5  1  -1214.55  5793.58  -33
H  2C  5.5  1  -1195.5  5791.15  -33
G  1  0  1  -1185.48  6020.09  -34.5
G  2  0  1  -1167.13  6018.73  -34.5
O  1A  0  1  -1183.27  6019.14  -41.5
O  2A  0  1  -1169.91  6018.13  -41.5
O  1B  0  1  -1188.16  6019.54  -53.5
O  2B  0  1  -1165.72  6017.82  -53.5
O  1C  0  1  -1185.68  6019.3  -64.5
O  2C  0  1  -1168.21  6017.89  -64.5
