*Section,3
*Tension,1,164,177
*Conductor_Line,21.9,LGJ-300/40,D23.94
*Ground_Line,2
1,23.0,GJ-8,D11.5
2,23.0,GJ-8,D11.5
*Tension,2,177,192
*Conductor_Line,21.9,LGJ-300/40,D23.94
*Ground_Line,2
1,23.0,GJ-8,D11.5
2,23.0,GJ-8,D11.5
*Tension,3,192,195
*Conductor_Line,21.9,LGJ-300/40,D23.94
*Ground_Line,2
1,23.0,GJ-8,D11.5
2,23.0,GJ-8,D11.5
*Sus,170,4
O  1  1  0  -5500  -199066  41100
O  2  1  0  5500  -199066  41100
O  1A  1  0  -3890  -198586  33100
O  1C  1  0  3890  -198586  33100
O  1B  1  0  260  -198220  27000
H  1  1  0.682  -5680  0  58700
H  2  1  0.682  5680  0  58700
V  1C  1  44  44  0  0  55050  6900.67  0  55189.8
V  1A  1  44  44  0  0  55050  -6900.67  0  55189.8
V  1B  1  70  70  -6928.96  0  47817.2  6928.96  0  47817.2
H  1  1  0.682  -5680  396000  44500
H  2  1  0.682  5680  396000  44500
V  1C  1  44  44  0  396000  40850  6900  396000  40990
V  1A  1  44  44  0  396000  40850  -6900  396000  40990
V  1B  1  70  70  -6742.43  396000  33550  6742.43  396000  33550
H  1  1  0.682  -5680  750000  33200
H  2  1  0.682  5680  750000  33200
V  1A  1  44  44  0  750000  29550  -6900  750000  29690
V  1C  1  44  44  0  750000  29550  6900  750000  29690
V  1B  1  70  70  -6742.99  750000  22251  6742.99  750000  22251
H  1  1  0.682  -5680  1.35e+06  49600
H  2  1  0.682  5680  1.35e+06  49600
V  1C  1  44  44  0  1.35e+06  45950  6900.67  1.35e+06  46089.8
V  1A  1  44  44  0  1.35e+06  45950  -6900.67  1.35e+06  46089.8
V  1B  1  70  70  -6928.96  1.35e+06  38717.2  6928.96  1.35e+06  38717.2
H  1  1  0.682  -5680  1.806e+06  33800
H  2  1  0.682  5680  1.806e+06  33800
V  1A  1  44  44  0  1.806e+06  30150  -6900  1.806e+06  30290
V  1C  1  44  44  0  1.806e+06  30150  6900  1.806e+06  30290
V  1B  1  70  70  -6742.99  1.806e+06  22851  6742.99  1.806e+06  22851
H  1  1  0.682  -5680  2.28e+06  30200
H  2  1  0.682  5680  2.28e+06  30200
V  1A  1  44  44  0  2.28e+06  26550  -6900  2.28e+06  26690
V  1C  1  44  44  0  2.28e+06  26550  6900  2.28e+06  26690
V  1B  1  70  70  -6742.99  2.28e+06  19251  6742.99  2.28e+06  19251
H  1  1  0.682  -5680  2.675e+06  31100
H  2  1  0.682  5680  2.675e+06  31100
V  1A  1  44  44  0  2.675e+06  27450  -6900  2.675e+06  27590
V  1C  1  44  44  0  2.675e+06  27450  6900  2.675e+06  27590
V  1B  1  70  70  -6742.99  2.675e+06  20151  6742.99  2.675e+06  20151
H  1  1  0.682  -5400  3.19e+06  39500
H  2  1  0.682  5400  3.19e+06  39500
V  1C  1  44  44  0  3.19e+06  35550  6902  3.19e+06  35698
V  1A  1  44  44  0  3.19e+06  35550  -6902  3.19e+06  35698
V  1B  1  70  70  -7143  3.19e+06  28393  7143  3.19e+06  28393
H  1  1  0.682  -5680  3.734e+06  22500
H  2  1  0.682  5680  3.734e+06  22500
V  1C  1  44  44  0  3.734e+06  18850  6900  3.734e+06  18990
V  1A  1  44  44  0  3.734e+06  18850  -6900  3.734e+06  18990
V  1B  1  70  70  -6742.43  3.734e+06  11550  6742.43  3.734e+06  11550
H  1  1  0.682  -5680  4.021e+06  18300
H  2  1  0.682  5680  4.021e+06  18300
V  1C  1  44  44  0  4.021e+06  14650  6900  4.021e+06  14790
V  1A  1  44  44  0  4.021e+06  14650  -6900  4.021e+06  14790
V  1B  1  70  70  -6742.43  4.021e+06  7349.97  6742.43  4.021e+06  7349.97
H  1  1  0.682  -5680  4.356e+06  15000
H  2  1  0.682  5680  4.356e+06  15000
V  1C  1  44  44  0  4.356e+06  11350  6900  4.356e+06  11490
V  1A  1  44  44  0  4.356e+06  11350  -6900  4.356e+06  11490
V  1B  1  70  70  -6742.43  4.356e+06  4049.97  6742.43  4.356e+06  4049.97
H  1  1  0.682  -5680  4.696e+06  9200
H  2  1  0.682  5680  4.696e+06  9200
V  1C  1  44  44  0  4.696e+06  5550  6900  4.696e+06  5690
V  1A  1  44  44  0  4.696e+06  5550  -6900  4.696e+06  5690
V  1B  1  70  70  -6742.43  4.696e+06  -1750.03  6742.43  4.696e+06  -1750.03
O  1  1  0  -5500  5.01807e+06  -7200
O  1  2  0  -5500  5.01993e+06  -7200
O  2  1  0  5500  5.01807e+06  -7200
O  2  2  0  5500  5.01993e+06  -7200
O  1A  1  0  -3890  5.01759e+06  -15200
O  1A  2  0  -3890  5.02041e+06  -15200
O  1C  1  0  3890  5.01759e+06  -15200
O  1C  2  0  3890  5.02041e+06  -15200
O  1B  1  0  260  5.01722e+06  -21300
O  1B  2  0  260  5.02078e+06  -21300
H  1  2  0.682  51877.9  5.47538e+06  600
H  2  2  0.682  63237.9  5.47538e+06  600
V  1A  2  44  44  57557.9  5.47538e+06  -3050  50657.9  5.47538e+06  -2910
V  1C  2  44  44  57557.9  5.47538e+06  -3050  64457.9  5.47538e+06  -2910
V  1B  2  70  70  50814.9  5.47538e+06  -10349  64300.9  5.47538e+06  -10349
H  1  2  0.682  101928  5.87224e+06  1500
H  2  2  0.682  113288  5.87224e+06  1500
V  1C  2  44  44  107608  5.87224e+06  -2150  114508  5.87224e+06  -2010
V  1A  2  44  44  107608  5.87224e+06  -2150  100708  5.87224e+06  -2010
V  1B  2  70  70  100866  5.87224e+06  -9450.03  114351  5.87224e+06  -9450.03
H  1  2  0.682  147099  6.2304e+06  2700
H  2  2  0.682  158459  6.2304e+06  2700
V  1C  2  44  44  152779  6.2304e+06  -950  159679  6.2304e+06  -810
V  1A  2  44  44  152779  6.2304e+06  -950  145879  6.2304e+06  -810
V  1B  2  70  70  146036  6.2304e+06  -8250.03  159521  6.2304e+06  -8250.03
H  1  2  0.682  187764  6.55285e+06  2500
H  2  2  0.682  199124  6.55285e+06  2500
V  1A  2  44  44  193444  6.55285e+06  -1150  186544  6.55285e+06  -1010
V  1C  2  44  44  193444  6.55285e+06  -1150  200344  6.55285e+06  -1010
V  1B  2  70  70  186702  6.55285e+06  -8449  200187  6.55285e+06  -8449
H  1  2  0.682  248576  7.03503e+06  2200
H  2  2  0.682  259936  7.03503e+06  2200
V  1A  2  44  44  254256  7.03503e+06  -1450  247356  7.03503e+06  -1310
V  1C  2  44  44  254256  7.03503e+06  -1450  261156  7.03503e+06  -1310
V  1B  2  70  70  247513  7.03503e+06  -8749  260999  7.03503e+06  -8749
H  1  2  0.682  300002  7.4428e+06  1600
H  2  2  0.682  311362  7.4428e+06  1600
V  1C  2  44  44  305682  7.4428e+06  -2050  312582  7.4428e+06  -1910
V  1A  2  44  44  305682  7.4428e+06  -2050  298782  7.4428e+06  -1910
V  1B  2  70  70  298940  7.4428e+06  -9350.03  312425  7.4428e+06  -9350.03
H  1  2  0.682  350803  7.84561e+06  3100
H  2  2  0.682  362163  7.84561e+06  3100
V  1C  2  44  44  356483  7.84561e+06  -550  363383  7.84561e+06  -410
V  1A  2  44  44  356483  7.84561e+06  -550  349583  7.84561e+06  -410
V  1B  2  70  70  349741  7.84561e+06  -7850.03  363226  7.84561e+06  -7850.03
H  1  2  0.682  400478  8.23949e+06  5300
H  2  2  0.682  411838  8.23949e+06  5300
V  1C  2  44  44  406158  8.23949e+06  1650  413058  8.23949e+06  1790
V  1A  2  44  44  406158  8.23949e+06  1650  399258  8.23949e+06  1790
V  1B  2  70  70  399416  8.23949e+06  -5650.03  412901  8.23949e+06  -5650.03
H  1  2  0.682  442646  8.57384e+06  5200
H  2  2  0.682  454006  8.57384e+06  5200
V  1C  2  44  44  448326  8.57384e+06  1550  455226  8.57384e+06  1690
V  1A  2  44  44  448326  8.57384e+06  1550  441426  8.57384e+06  1690
V  1B  2  70  70  441583  8.57384e+06  -5750.03  455068  8.57384e+06  -5750.03
H  1  2  0.682  475804  8.83676e+06  5400
H  2  2  0.682  487164  8.83676e+06  5400
V  1C  2  44  44  481484  8.83676e+06  1750  488384  8.83676e+06  1890
V  1A  2  44  44  481484  8.83676e+06  1750  474584  8.83676e+06  1890
V  1B  2  70  70  474742  8.83676e+06  -5550.03  488227  8.83676e+06  -5550.03
H  1  2  0.682  529483  9.26239e+06  11900
H  2  2  0.682  540843  9.26239e+06  11900
V  1C  2  44  44  535163  9.26239e+06  8250  542064  9.26239e+06  8389.8
V  1A  2  44  44  535163  9.26239e+06  8250  528262  9.26239e+06  8389.8
V  1B  2  70  70  528234  9.26239e+06  1017.23  542092  9.26239e+06  1017.23
H  1  2  0.682  610189  9.90232e+06  4400
H  2  2  0.682  621549  9.90232e+06  4400
V  1A  2  44  44  615869  9.90232e+06  750  608969  9.90232e+06  890
V  1C  2  44  44  615869  9.90232e+06  750  622769  9.90232e+06  890
V  1B  2  70  70  609126  9.90232e+06  -6549  622612  9.90232e+06  -6549
H  1  2  0.682  649604  1.02148e+07  1000
H  2  2  0.682  660964  1.02148e+07  1000
V  1C  2  44  44  655284  1.02148e+07  -2650  662184  1.02148e+07  -2510
V  1A  2  44  44  655284  1.02148e+07  -2650  648384  1.02148e+07  -2510
V  1B  2  70  70  648541  1.02148e+07  -9950.03  662026  1.02148e+07  -9950.03
H  1  2  0.682  696526  1.05869e+07  -1900
H  2  2  0.682  707886  1.05869e+07  -1900
V  1C  2  44  44  702206  1.05869e+07  -5550  709106  1.05869e+07  -5410
V  1A  2  44  44  702206  1.05869e+07  -5550  695306  1.05869e+07  -5410
V  1B  2  70  70  695464  1.05869e+07  -12850  708948  1.05869e+07  -12850
O  1  2  0  734995  1.08896e+07  -16700
O  1  3  0  734995  1.08914e+07  -16700
O  2  2  0  745995  1.08896e+07  -16700
O  2  3  0  745995  1.08914e+07  -16700
O  1A  2  0  736605  1.08891e+07  -24700
O  1A  3  0  736605  1.08919e+07  -24700
O  1C  2  0  744385  1.08891e+07  -24700
O  1C  3  0  744385  1.08919e+07  -24700
O  1B  2  0  740755  1.08887e+07  -30800
O  1B  3  0  740755  1.08923e+07  -30800
H  1  3  0.682  726695  1.13104e+07  -8500
H  2  3  0.682  738055  1.13104e+07  -8500
V  1A  3  44  44  732375  1.13104e+07  -12150  725475  1.13104e+07  -12010
V  1C  3  44  44  732375  1.13104e+07  -12150  739275  1.13104e+07  -12010
V  1B  3  70  70  725632  1.13104e+07  -19449  739118  1.13104e+07  -19449
H  1  3  0.682  717647  1.17783e+07  -12500
H  2  3  0.682  729007  1.17783e+07  -12500
V  1A  3  44  44  723327  1.17783e+07  -16150  716427  1.17783e+07  -16010
V  1C  3  44  44  723327  1.17783e+07  -16150  730227  1.17783e+07  -16010
V  1B  3  70  70  716584  1.17783e+07  -23449  730070  1.17783e+07  -23449
O  1  3  0  710287  1.21673e+07  40500
O  2  3  0  721287  1.21673e+07  40500
O  1A  3  0  711897  1.21668e+07  32500
O  1C  3  0  719677  1.21668e+07  32500
O  1B  3  0  716047  1.21665e+07  26400
