*Section,2
*Tension,1,2219,2221
*Conductor_Line,21.9,JL/G3A-900/40,D34.6
*Ground_Line,2
1,23.0,GJ-80,D11.5
2,23.0,GJ-80,D11.5
*Tension,2,2221,2222
*Conductor_Line,21.9,JL/G3A-900/40,D34.6
*Ground_Line,2
1,23.0,GJ-80,D11.5
2,23.0,GJ-80,D11.5
*Sus,20,1
G  1  0  1  15.7  1.55  70
G  2  0  1  -15.7  1.55  70
O  1B  0  1  11.202  2.44756  54
O  1A  0  1  -11.202  2.44756  54
G  1  0.682  1  17.45  436  126.42
G  2  0.682  1  -17.45  436  126.42
V  1A  1  44  44  -23.3  436  118  -2.6  436  118
V  1B  1  70  70  23.3  436  118  2.6  436  118
G  1  0  1  15.7  791.45  17
G  1  0  2  15.7  794.55  17
G  2  0  1  -15.7  791.45  17
G  2  0  2  -15.7  794.55  17
O  1B  0  1  11.202  790.552  1
O  1B  0  2  11.202  795.448  1
O  1A  0  1  -11.202  790.552  1
O  1A  0  2  -11.202  795.448  1
G  1  0  2  15.7  1404.45  42
G  2  0  2  -15.7  1404.45  42
O  1B  0  2  11.202  1403.55  26
O  1A  0  2  -11.202  1403.55  26
